194.216	-337.73
194.484	-337.73
194.753	-337.73
195.022	-312.66
195.29	72.38
195.559	59.84
195.827	-17.16
196.096	-52.98
196.364	45.52
196.633	67.01
196.901	-87.01
197.17	50.89
197.438	-45.82
197.706	59.84
197.975	-47.61
198.243	-67.31
198.512	34.77
198.78	22.24
199.048	52.68
199.317	2.54
199.585	101.03
199.853	58.05
200.122	59.84
200.39	120.73
200.658	-40.44
200.926	-11.79
201.195	135.06
201.463	-87.01
201.731	90.29
201.999	56.26
202.267	16.86
202.536	97.45
202.804	72.38
203.072	115.36
203.34	68.8
203.608	56.26
203.876	15.07
204.144	59.84
204.412	-36.86
204.68	22.24
204.948	61.64
205.216	20.45
205.484	81.34
205.752	-6.42
206.02	81.34
206.288	47.31
206.556	-56.56
206.824	88.5
207.092	-18.95
207.36	149.39
207.628	40.15
207.896	38.35
208.164	84.92
208.431	-18.95
208.699	4.33
208.967	29.4
209.235	109.99
209.503	83.13
209.77	2.54
210.038	25.82
210.306	24.03
210.573	203.11
210.841	-24.33
211.109	24.03
211.377	108.2
211.644	99.24
211.912	-8.21
212.179	-38.65
212.447	-33.28
212.715	-18.95
212.982	240.72
213.25	111.78
213.517	83.13
213.785	67.01
214.052	-18.95
214.32	32.98
214.587	40.15
214.855	75.96
215.122	67.01
215.39	138.64
215.657	-92.38
215.925	-31.49
216.192	25.82
216.459	102.83
216.727	81.34
216.994	-26.12
217.261	0.75
217.529	86.71
217.796	142.22
218.063	206.7
218.331	34.77
218.598	41.94
218.865	102.83
219.132	4.33
219.399	11.49
219.667	32.98
219.934	-45.82
220.201	-4.63
220.468	-2.84
220.735	25.82
221.002	32.98
221.27	47.31
221.537	41.94
221.804	18.65
222.071	-95.96
222.338	101.03
222.605	32.98
222.872	-60.14
223.139	79.54
223.406	129.69
223.673	20.45
223.94	40.15
224.207	104.62
224.474	31.19
224.741	41.94
225.007	-27.91
225.274	65.22
225.541	4.33
225.808	9.7
226.075	32.98
226.342	31.19
226.609	-69.1
226.875	-31.49
227.142	45.52
227.409	15.07
227.676	152.97
227.942	45.52
228.209	-10
228.476	24.03
228.742	-61.93
229.009	81.34
229.276	41.94
229.542	-13.58
229.809	77.75
230.076	70.59
230.342	34.77
230.609	-27.91
230.875	34.77
231.142	58.05
231.408	36.56
231.675	36.56
231.941	77.75
232.208	11.49
232.474	38.35
232.741	-90.59
233.007	31.19
233.274	165.51
233.54	54.47
233.807	-47.61
234.073	-44.03
234.339	81.34
234.606	95.66
234.872	54.47
235.138	84.92
235.405	43.73
235.671	99.24
235.937	-11.79
236.203	-17.16
236.47	68.8
236.736	-18.95
237.002	32.98
237.268	-4.63
237.535	111.78
237.801	32.98
238.067	84.92
238.333	36.56
238.599	13.28
238.865	-24.33
239.131	-78.05
239.397	133.27
239.663	-69.1
239.929	75.96
240.195	68.8
240.462	117.15
240.728	50.89
240.993	84.92
241.259	136.85
241.525	136.85
241.791	6.12
242.057	56.26
242.323	36.56
242.589	16.86
242.855	59.84
243.121	68.8
243.387	-52.98
243.652	31.19
243.918	20.45
244.184	-36.86
244.45	-56.56
244.716	72.38
244.981	67.01
245.247	65.22
245.513	54.47
245.779	56.26
246.044	124.32
246.31	195.95
246.576	92.08
246.841	65.22
247.107	-20.74
247.373	-18.95
247.638	210.28
247.904	219.23
248.169	38.35
248.435	-65.52
248.7	20.45
248.966	63.43
249.231	83.13
249.497	-40.44
249.762	93.87
250.028	65.22
250.293	-13.58
250.559	25.82
250.824	-1.04
251.09	102.83
251.355	77.75
251.62	41.94
251.886	-70.89
252.151	83.13
252.416	81.34
252.682	65.22
252.947	36.56
253.212	135.06
253.477	15.07
253.743	127.9
254.008	109.99
254.273	-36.86
254.538	36.56
254.804	49.1
255.069	179.83
255.334	56.26
255.599	18.65
255.864	49.1
256.129	7.91
256.394	-22.54
256.659	-124.61
256.925	36.56
257.19	29.4
257.455	67.01
257.72	43.73
257.985	136.85
258.25	113.57
258.515	-4.63
258.78	63.43
259.044	-29.7
259.309	-40.44
259.574	54.47
259.839	70.59
260.104	126.11
260.369	-31.49
260.634	-51.19
260.899	111.78
261.163	-38.65
261.428	-20.74
261.693	47.31
261.958	61.64
262.223	0.75
262.487	-27.91
262.752	74.17
263.017	-2.84
263.281	47.31
263.546	-4.63
263.811	31.19
264.075	142.22
264.34	-35.07
264.605	-31.49
264.869	160.13
265.134	-90.59
265.398	-56.56
265.663	88.5
265.927	111.78
266.192	74.17
266.457	2.54
266.721	45.52
266.985	59.84
267.25	11.49
267.514	24.03
267.779	9.7
268.043	74.17
268.308	92.08
268.572	18.65
268.836	34.77
269.101	84.92
269.365	67.01
269.629	118.94
269.894	-6.42
270.158	43.73
270.422	-2.84
270.687	-72.68
270.951	29.4
271.215	-1.04
271.479	2.54
271.743	-60.14
272.008	-35.07
272.272	-18.95
272.536	40.15
272.8	59.84
273.064	32.98
273.328	81.34
273.592	74.17
273.856	25.82
274.12	13.28
274.385	-45.82
274.649	-72.68
274.913	59.84
275.177	25.82
275.441	136.85
275.704	54.47
275.968	36.56
276.232	-40.44
276.496	-95.96
276.76	-47.61
277.024	29.4
277.288	-87.01
277.552	-1.04
277.816	18.65
278.079	102.83
278.343	138.64
278.607	50.89
278.871	104.62
279.135	18.65
279.398	9.7
279.662	45.52
279.926	-65.52
280.189	133.27
280.453	43.73
280.717	127.9
280.98	59.84
281.244	32.98
281.508	90.29
281.771	-58.35
282.035	72.38
282.298	109.99
282.562	36.56
282.826	58.05
283.089	22.24
283.353	84.92
283.616	56.26
283.88	92.08
284.143	-15.37
284.407	20.45
284.67	-45.82
284.933	176.25
285.197	-78.05
285.46	47.31
285.724	7.91
285.987	97.45
286.25	86.71
286.514	59.84
286.777	-24.33
287.04	34.77
287.303	22.24
287.567	-15.37
287.83	84.92
288.093	11.49
288.356	-60.14
288.62	9.7
288.883	50.89
289.146	11.49
289.409	-60.14
289.672	-95.96
289.935	95.66
290.198	67.01
290.461	36.56
290.725	43.73
290.988	4.33
291.251	-26.12
291.514	-8.21
291.777	99.24
292.04	41.94
292.303	65.22
292.566	-26.12
292.829	104.62
293.091	158.34
293.354	86.71
293.617	9.7
293.88	-44.03
294.143	-27.91
294.406	63.43
294.669	41.94
294.932	45.52
295.194	11.49
295.457	56.26
295.72	68.8
295.983	140.43
296.245	-36.86
296.508	-13.58
296.771	47.31
297.034	151.18
297.296	11.49
297.559	115.36
297.822	-65.52
298.084	147.6
298.347	-101.33
298.609	43.73
298.872	16.86
299.135	-13.58
299.397	-2.84
299.66	-88.8
299.922	38.35
300.185	92.08
300.447	-76.26
300.71	108.2
300.972	65.22
301.235	-40.44
301.497	-10
301.759	9.7
302.022	88.5
302.284	63.43
302.546	203.11
302.809	4.33
303.071	6.12
303.333	-65.52
303.596	25.82
303.858	38.35
304.12	-45.82
304.383	75.96
304.645	-10
304.907	83.13
305.169	41.94
305.431	68.8
305.694	-35.07
305.956	72.38
306.218	-52.98
306.48	72.38
306.742	-17.16
307.004	31.19
307.266	84.92
307.528	179.83
307.79	52.68
308.052	72.38
308.314	16.86
308.576	68.8
308.838	52.68
309.1	41.94
309.362	2.54
309.624	77.75
309.886	79.54
310.148	-26.12
310.41	68.8
310.672	59.84
310.934	65.22
311.196	124.32
311.457	149.39
311.719	176.25
311.981	339.22
312.243	518.31
312.504	428.76
312.766	598.9
313.028	505.77
313.29	443.09
313.551	339.22
313.813	298.03
314.075	215.65
314.336	240.72
314.598	115.36
314.86	156.55
315.121	54.47
315.383	156.55
315.644	47.31
315.906	-40.44
316.167	165.51
316.429	79.54
316.69	-6.42
316.952	54.47
317.213	34.77
317.475	249.68
317.736	138.64
317.998	-1.04
318.259	115.36
318.521	97.45
318.782	133.27
319.043	45.52
319.305	-2.84
319.566	181.62
319.827	83.13
320.089	126.11
320.35	127.9
320.611	83.13
320.872	9.7
321.134	104.62
321.395	79.54
321.656	133.27
321.917	83.13
322.178	63.43
322.44	0.75
322.701	142.22
322.962	104.62
323.223	68.8
323.484	68.8
323.745	67.01
324.006	118.94
324.267	75.96
324.528	58.05
324.789	129.69
325.05	52.68
325.311	97.45
325.572	97.45
325.833	124.32
326.094	99.24
326.355	102.83
326.616	25.82
326.877	122.53
327.138	56.26
327.398	4.33
327.659	160.13
327.92	104.62
328.181	56.26
328.442	244.3
328.702	179.83
328.963	163.72
329.224	86.71
329.485	90.29
329.745	138.64
330.006	174.46
330.267	108.2
330.527	213.86
330.788	97.45
331.049	185.21
331.309	92.08
331.57	188.79
331.83	101.03
332.091	54.47
332.351	240.72
332.612	255.05
332.873	278.33
333.133	303.4
333.393	258.63
333.654	294.45
333.914	330.27
334.175	366.08
334.435	314.15
334.696	238.93
334.956	117.15
335.216	213.86
335.477	256.84
335.737	129.69
335.997	271.17
336.258	206.7
336.518	212.07
336.778	319.52
337.038	67.01
337.299	240.72
337.559	255.05
337.819	237.14
338.079	40.15
338.34	34.77
338.6	144.02
338.86	147.6
339.12	113.57
339.38	269.38
339.64	144.02
339.9	238.93
340.16	283.7
340.42	208.49
340.68	201.32
340.94	138.64
341.2	206.7
341.46	144.02
341.72	217.44
341.98	160.13
342.24	135.06
342.5	294.45
342.76	77.75
343.02	296.24
343.28	246.1
343.54	251.47
343.799	138.64
344.059	287.28
344.319	203.11
344.579	367.87
344.839	145.81
345.098	235.35
345.358	221.02
345.618	113.57
345.878	152.97
346.137	231.77
346.397	265.79
346.657	204.91
346.916	247.89
347.176	188.79
347.435	152.97
347.695	357.13
347.955	61.64
348.214	208.49
348.474	113.57
348.733	135.06
348.993	222.81
349.252	204.91
349.512	389.36
349.771	122.53
350.031	215.65
350.29	167.3
350.549	208.49
350.809	306.98
351.068	185.21
351.328	235.35
351.587	149.39
351.846	192.37
352.106	154.76
352.365	161.92
352.624	197.74
352.883	222.81
353.143	197.74
353.402	337.43
353.661	161.92
353.92	229.98
354.179	274.75
354.439	215.65
354.698	167.3
354.957	201.32
355.216	213.86
355.475	174.46
355.734	170.88
355.993	217.44
356.252	81.34
356.511	212.07
356.77	185.21
357.029	190.58
357.288	95.66
357.547	124.32
357.806	208.49
358.065	294.45
358.324	251.47
358.583	264
358.842	59.84
359.101	84.92
359.36	170.88
359.619	156.55
359.877	208.49
360.136	249.68
360.395	93.87
360.654	187
360.913	161.92
361.171	81.34
361.43	104.62
361.689	99.24
361.947	231.77
362.206	229.98
362.465	314.15
362.723	204.91
362.982	226.4
363.241	235.35
363.499	643.67
363.758	1039.45
364.016	2085.32
364.275	2912.7
364.533	4005.13
364.792	4803.85
365.05	5367.98
365.309	4984.73
365.567	4237.94
365.826	3398.02
366.084	2704.96
366.343	2158.74
366.601	1848.92
366.86	1548.06
367.118	1051.99
367.376	717.09
367.635	439.51
367.893	414.44
368.151	238.93
368.409	298.03
368.668	185.21
368.926	152.97
369.184	50.89
369.442	192.37
369.701	118.94
369.959	129.69
370.217	188.79
370.475	70.59
370.733	133.27
370.991	111.78
371.25	145.81
371.508	52.68
371.766	93.87
372.024	118.94
372.282	115.36
372.54	127.9
372.798	135.06
373.056	81.34
373.314	72.38
373.572	253.26
373.83	115.36
374.088	-2.84
374.345	138.64
374.603	174.46
374.861	127.9
375.119	74.17
375.377	90.29
375.635	117.15
375.893	63.43
376.15	136.85
376.408	199.53
376.666	118.94
376.924	120.73
377.181	183.41
377.439	99.24
377.697	176.25
377.954	144.02
378.212	197.74
378.47	165.51
378.727	144.02
378.985	54.47
379.243	199.53
379.5	72.38
379.758	235.35
380.015	274.75
380.273	72.38
380.53	179.83
380.788	332.06
381.045	226.4
381.303	185.21
381.56	127.9
381.818	192.37
382.075	149.39
382.332	101.03
382.59	90.29
382.847	115.36
383.105	201.32
383.362	179.83
383.619	149.39
383.876	43.73
384.134	135.06
384.391	74.17
384.648	38.35
384.905	147.6
385.163	81.34
385.42	136.85
385.677	142.22
385.934	174.46
386.191	154.76
386.449	45.52
386.706	120.73
386.963	11.49
387.22	77.75
387.477	36.56
387.734	38.35
387.991	97.45
388.248	93.87
388.505	40.15
388.762	124.32
389.019	13.28
389.276	126.11
389.533	45.52
389.79	176.25
390.047	142.22
390.304	50.89
390.56	58.05
390.817	109.99
391.074	65.22
391.331	7.91
391.588	59.84
391.844	113.57
392.101	20.45
392.358	-22.54
392.615	145.81
392.871	34.77
393.128	61.64
393.385	75.96
393.641	101.03
393.898	74.17
394.155	61.64
394.411	25.82
394.668	126.11
394.925	174.46
395.181	81.34
395.438	58.05
395.694	50.89
395.951	151.18
396.207	70.59
396.464	34.77
396.72	38.35
396.977	38.35
397.233	81.34
397.489	4.33
397.746	133.27
398.002	113.57
398.259	92.08
398.515	52.68
398.771	101.03
399.028	-24.33
399.284	40.15
399.54	4.33
399.796	109.99
400.053	84.92
400.309	68.8
400.565	97.45
400.821	111.78
401.078	27.61
401.334	151.18
401.59	29.4
401.846	68.8
402.102	147.6
402.358	151.18
402.614	156.55
402.87	328.47
403.126	362.5
403.382	1193.46
403.638	2334.25
403.894	3260.12
404.15	4216.45
404.406	5197.84
404.662	5409.17
404.918	5205.01
405.174	4010.5
405.43	3041.64
405.686	2070.99
405.942	1779.08
406.198	1437.02
406.454	1096.76
406.709	953.49
406.965	1087.8
407.221	643.67
407.477	760.07
407.732	629.34
407.988	675.9
408.244	552.33
408.5	344.59
408.755	271.17
409.011	351.76
409.267	253.26
409.522	221.02
409.778	181.62
410.033	65.22
410.289	124.32
410.545	9.7
410.8	187
411.056	106.41
411.311	142.22
411.567	56.26
411.822	117.15
412.078	174.46
412.333	101.03
412.588	136.85
412.844	97.45
413.099	224.6
413.355	160.13
413.61	156.55
413.865	-26.12
414.121	40.15
414.376	63.43
414.631	109.99
414.887	194.16
415.142	281.91
415.397	215.65
415.652	237.14
415.907	163.72
416.163	253.26
416.418	238.93
416.673	213.86
416.928	192.37
417.183	154.76
417.438	-1.04
417.693	163.72
417.949	126.11
418.204	108.2
418.459	111.78
418.714	93.87
418.969	115.36
419.224	258.63
419.479	88.5
419.734	161.92
419.989	59.84
420.243	152.97
420.498	178.04
420.753	120.73
421.008	165.51
421.263	131.48
421.518	20.45
421.773	158.34
422.027	115.36
422.282	181.62
422.537	170.88
422.792	83.13
423.047	67.01
423.301	81.34
423.556	-18.95
423.811	190.58
424.065	79.54
424.32	-29.7
424.575	167.3
424.829	163.72
425.084	144.02
425.338	6.12
425.593	144.02
425.848	246.1
426.102	58.05
426.357	63.43
426.611	122.53
426.866	135.06
427.12	59.84
427.374	210.28
427.629	194.16
427.883	213.86
428.138	219.23
428.392	142.22
428.646	67.01
428.901	99.24
429.155	54.47
429.409	90.29
429.664	144.02
429.918	106.41
430.172	75.96
430.427	18.65
430.681	-10
430.935	113.57
431.189	197.74
431.443	86.71
431.698	104.62
431.952	68.8
432.206	50.89
432.46	190.58
432.714	49.1
432.968	229.98
433.222	262.21
433.476	256.84
433.73	419.81
433.984	512.93
434.238	966.02
434.492	1949.21
434.746	4033.78
435	6551.74
435.254	8607.65
435.508	11175.76
435.762	12689.04
436.016	13430.46
436.27	11218.74
436.523	8704.36
436.777	6399.52
437.031	4784.15
437.285	3833.2
437.539	3183.12
437.792	2624.37
438.046	1872.2
438.3	1261.52
438.553	854.99
438.807	511.14
439.061	367.87
439.314	249.68
439.568	303.4
439.822	238.93
440.075	299.82
440.329	242.51
440.582	187
440.836	99.24
441.09	145.81
441.343	197.74
441.597	101.03
441.85	267.59
442.103	201.32
442.357	70.59
442.61	40.15
442.864	74.17
443.117	145.81
443.371	120.73
443.624	108.2
443.877	50.89
444.131	210.28
444.384	102.83
444.637	29.4
444.89	192.37
445.144	38.35
445.397	31.19
445.65	174.46
445.903	77.75
446.157	36.56
446.41	67.01
446.663	56.26
446.916	170.88
447.169	40.15
447.422	31.19
447.675	41.94
447.928	90.29
448.181	169.09
448.435	93.87
448.688	84.92
448.941	79.54
449.194	108.2
449.446	208.49
449.699	149.39
449.952	29.4
450.205	-18.95
450.458	56.26
450.711	109.99
450.964	158.34
451.217	99.24
451.47	149.39
451.722	36.56
451.975	88.5
452.228	24.03
452.481	25.82
452.733	147.6
452.986	113.57
453.239	145.81
453.492	117.15
453.744	75.96
453.997	161.92
454.25	136.85
454.502	120.73
454.755	174.46
455.007	68.8
455.26	276.54
455.513	138.64
455.765	50.89
456.018	195.95
456.27	187
456.523	-6.42
456.775	131.48
457.028	156.55
457.28	217.44
457.532	34.77
457.785	170.88
458.037	113.57
458.29	104.62
458.542	77.75
458.794	68.8
459.047	197.74
459.299	194.16
459.551	197.74
459.803	136.85
460.056	93.87
460.308	176.25
460.56	99.24
460.812	29.4
461.064	95.66
461.317	135.06
461.569	161.92
461.821	129.69
462.073	160.13
462.325	188.79
462.577	118.94
462.829	101.03
463.081	120.73
463.333	210.28
463.585	178.04
463.837	108.2
464.089	102.83
464.341	187
464.593	52.68
464.845	176.25
465.097	102.83
465.349	192.37
465.601	131.48
465.852	109.99
466.104	75.96
466.356	131.48
466.608	111.78
466.86	138.64
467.111	92.08
467.363	251.47
467.615	99.24
467.867	190.58
468.118	149.39
468.37	187
468.622	120.73
468.873	133.27
469.125	111.78
469.376	169.09
469.628	145.81
469.88	154.76
470.131	244.3
470.383	219.23
470.634	151.18
470.886	142.22
471.137	176.25
471.389	52.68
471.64	122.53
471.892	224.6
472.143	111.78
472.394	183.41
472.646	13.28
472.897	135.06
473.148	149.39
473.4	86.71
473.651	240.72
473.902	255.05
474.154	172.67
474.405	165.51
474.656	206.7
474.907	101.03
475.159	111.78
475.41	160.13
475.661	127.9
475.912	212.07
476.163	142.22
476.414	319.52
476.665	152.97
476.917	122.53
477.168	240.72
477.419	197.74
477.67	161.92
477.921	271.17
478.172	170.88
478.423	258.63
478.674	265.79
478.925	312.36
479.176	330.27
479.426	294.45
479.677	346.38
479.928	328.47
480.179	351.76
480.43	489.65
480.681	428.76
480.932	471.74
481.182	505.77
481.433	661.58
481.684	722.47
481.935	731.42
482.185	828.13
482.436	1057.36
482.687	1227.49
482.937	1336.73
483.188	1531.94
483.439	1942.05
483.689	2035.17
483.94	2119.34
484.19	2368.27
484.441	2679.88
484.692	3004.03
484.942	3405.19
485.193	3550.25
485.443	4101.83
485.694	4579.99
485.944	4708.94
486.194	4909.51
486.445	5262.31
486.695	5226.5
486.946	5557.81
487.196	5769.13
487.446	5564.97
487.697	5591.83
487.947	5573.93
488.197	5609.74
488.448	5575.72
488.698	5444.98
488.948	5402
489.198	5135.16
489.449	5138.74
489.699	4984.73
489.949	4966.82
490.199	4769.83
490.449	5004.43
490.699	4433.14
490.949	4631.93
491.2	4429.56
491.45	4288.08
491.7	4288.08
491.95	3822.46
492.2	4008.71
492.45	4203.91
492.7	4137.65
492.95	3854.69
493.2	3904.84
493.45	3711.42
493.699	3442.79
493.949	3500.1
494.199	3118.65
494.449	3362.2
494.699	3143.72
494.949	3109.69
495.199	3048.8
495.448	3000.45
495.698	2728.24
495.948	2858.97
496.198	2678.09
496.447	2744.35
496.697	2604.67
496.947	2593.92
497.196	2588.55
497.446	2332.46
497.696	2287.68
497.945	2121.13
498.195	2180.23
498.444	2205.3
498.694	1916.97
498.944	1933.09
499.193	1796.99
499.443	1832.8
499.692	1540.89
499.942	1594.62
500.191	1404.79
500.44	1490.75
500.69	1250.77
500.939	1234.65
501.189	1128.99
501.438	1173.76
501.687	1012.59
501.937	935.58
502.186	872.9
502.435	727.84
502.685	810.22
502.934	754.7
503.183	738.58
503.432	681.28
503.682	577.41
503.931	529.05
504.18	600.69
504.429	593.52
504.678	554.12
504.927	459.21
505.176	448.46
505.426	538.01
505.675	398.32
505.924	353.55
506.173	403.69
506.422	452.04
506.671	306.98
506.92	409.06
507.169	353.55
507.418	403.69
507.667	296.24
507.915	312.36
508.164	213.86
508.413	278.33
508.662	328.47
508.911	274.75
509.16	333.85
509.408	369.66
509.657	355.34
509.906	272.96
510.155	292.66
510.404	262.21
510.652	251.47
510.901	258.63
511.15	364.29
511.398	204.91
511.647	244.3
511.896	292.66
512.144	256.84
512.393	265.79
512.641	294.45
512.89	364.29
513.138	351.76
513.387	305.19
513.635	242.51
513.884	228.19
514.132	301.61
514.381	149.39
514.629	244.3
514.878	165.51
515.126	240.72
515.374	170.88
515.623	237.14
515.871	195.95
516.119	188.79
516.368	283.7
516.616	208.49
516.864	170.88
517.113	195.95
517.361	210.28
517.609	165.51
517.857	195.95
518.105	176.25
518.354	131.48
518.602	238.93
518.85	221.02
519.098	210.28
519.346	269.38
519.594	163.72
519.842	131.48
520.09	75.96
520.338	145.81
520.586	136.85
520.834	147.6
521.082	217.44
521.33	204.91
521.578	127.9
521.826	213.86
522.074	86.71
522.322	127.9
522.57	133.27
522.817	129.69
523.065	226.4
523.313	274.75
523.561	140.43
523.809	165.51
524.056	124.32
524.304	222.81
524.552	124.32
524.8	68.8
525.047	124.32
525.295	289.08
525.543	174.46
525.79	199.53
526.038	272.96
526.285	174.46
526.533	324.89
526.781	178.04
527.028	187
527.276	285.49
527.523	199.53
527.771	296.24
528.018	187
528.266	274.75
528.513	208.49
528.76	247.89
529.008	228.19
529.255	170.88
529.502	195.95
529.75	178.04
529.997	294.45
530.244	269.38
530.492	229.98
530.739	310.57
530.986	348.17
531.234	335.64
531.481	208.49
531.728	346.38
531.975	371.46
532.222	426.97
532.469	695.6
532.717	872.9
532.964	962.44
533.211	1111.08
533.458	1164.81
533.705	1051.99
533.952	1433.44
534.199	1159.44
534.446	1137.95
534.693	1207.79
534.94	1136.16
535.187	1048.4
535.434	1043.03
535.681	1200.63
535.928	1265.1
536.174	1540.89
536.421	1471.05
536.668	1730.72
536.915	1913.39
537.162	2396.93
537.409	2717.49
537.655	3043.43
537.902	3525.17
538.149	4085.71
538.396	4452.84
538.642	4945.33
538.889	5444.98
539.136	5894.49
539.382	6793.51
539.629	7880.56
539.875	8978.36
540.122	10479.11
540.369	12458.02
540.615	14984.93
540.862	17617.51
541.108	20382.61
541.355	23593.63
541.601	26675.72
541.848	29002.05
542.094	30869.93
542.341	31844.16
542.587	32139.65
542.833	31717.01
543.08	31659.7
543.326	31374.95
543.572	30991.71
543.819	31441.21
544.065	30975.59
544.311	30402.51
544.558	30087.32
544.804	30719.49
545.05	33262.53
545.296	35207.41
545.542	37693.13
545.789	40010.51
546.035	41819.29
546.281	43975.49
546.527	42752.33
546.773	39120.45
547.019	35107.12
547.265	31301.53
547.511	28142.44
547.757	25701.48
548.003	23684.97
548.249	21616.52
548.495	19933.1
548.741	18769.04
548.987	17261.13
549.233	15529.36
549.479	14445.88
549.725	13819.08
549.971	12796.49
550.217	11942.25
550.463	11548.26
550.708	10505.97
550.954	9777.09
551.2	9243.41
551.446	8570.05
551.691	8297.83
551.937	7859.07
552.183	7418.52
552.429	6922.45
552.674	6467.57
552.92	6087.9
553.165	5747.64
553.411	5369.77
553.657	4952.49
553.902	4413.44
554.148	4191.38
554.393	3842.16
554.639	3632.63
554.884	3229.68
555.13	2814.2
555.375	2570.64
555.621	2391.55
555.866	2137.25
556.112	2024.43
556.357	1909.81
556.602	1619.69
556.848	1587.45
557.093	1481.79
557.338	1283.01
557.584	1250.77
557.829	1284.8
558.074	1050.19
558.32	1189.88
558.565	998.26
558.81	1025.12
559.055	887.23
559.3	946.32
559.546	786.94
559.791	740.37
560.036	862.15
560.281	828.13
560.526	665.16
560.771	727.84
561.016	769.03
561.261	743.96
561.506	745.75
561.751	674.11
561.996	595.31
562.241	597.11
562.486	774.4
562.731	683.07
562.976	804.85
563.221	550.54
563.466	615.01
563.71	650.83
563.955	554.12
564.2	564.87
564.445	577.41
564.69	573.82
564.934	577.41
565.179	557.71
565.424	516.52
565.669	580.99
565.913	471.74
566.158	448.46
566.403	491.44
566.647	353.55
566.892	536.22
567.136	430.55
567.381	534.42
567.626	495.03
567.87	367.87
568.115	559.5
568.359	575.61
568.604	520.1
568.848	428.76
569.093	428.76
569.337	421.6
569.581	546.96
569.826	444.88
570.07	459.21
570.315	401.9
570.559	523.68
570.803	360.71
571.048	335.64
571.292	375.04
571.536	278.33
571.78	321.31
572.025	521.89
572.269	344.59
572.513	306.98
572.757	247.89
573.001	197.74
573.245	229.98
573.49	450.25
573.734	344.59
573.978	398.32
574.222	391.16
574.466	457.42
574.71	366.08
574.954	478.91
575.198	469.95
575.442	520.1
575.686	709.93
575.93	1220.33
576.174	1526.57
576.418	2103.22
576.661	2579.6
576.905	2971.8
577.149	3584.27
577.393	3766.94
577.637	3471.45
577.881	3577.11
578.124	3518.01
578.368	3451.75
578.612	3550.25
578.856	3933.49
579.099	4375.84
579.343	4905.93
579.587	5086.81
579.83	4997.27
580.074	5034.87
580.318	5187.1
580.561	5287.39
580.805	5285.6
581.048	5376.93
581.292	5233.66
581.535	5120.84
581.779	5092.18
582.022	5323.2
582.266	5326.79
582.509	5649.14
582.753	5785.25
582.996	6082.53
583.239	6320.72
583.483	6344
583.726	6419.21
583.969	6544.58
584.213	6442.5
584.456	6449.66
584.699	6605.47
584.943	6141.63
585.186	6175.66
585.429	5804.95
585.672	6070
585.915	5887.33
586.159	6027.01
586.402	6532.04
586.645	7004.83
586.888	7674.61
587.131	8353.35
587.374	9110.89
587.617	9649.94
587.86	9850.52
588.103	9447.57
588.346	9003.44
588.589	8220.83
588.832	7445.38
589.075	6757.69
589.318	6050.3
589.561	5677.8
589.804	5294.55
590.047	4855.79
590.29	4651.63
590.532	4370.46
590.775	4499.4
591.018	4322.11
591.261	4438.52
591.504	4357.93
591.746	4784.15
591.989	5016.97
592.232	5410.96
592.474	6150.58
592.717	6879.47
592.96	7092.58
593.202	7502.69
593.445	7832.21
593.688	7841.16
593.93	7685.36
594.173	6940.36
594.415	6539.2
594.658	6034.18
594.9	5434.24
595.143	4828.92
595.385	4434.93
595.628	3929.91
595.87	3720.38
596.112	3392.65
596.355	3240.43
596.597	3043.43
596.84	2966.42
597.082	2835.69
597.324	2848.23
597.567	2932.4
597.809	2837.48
598.051	3075.67
598.293	3281.62
598.536	3535.92
598.778	3806.34
599.02	4340.02
599.262	4597.9
599.504	4834.3
599.746	5179.93
599.988	5350.07
600.231	5187.1
600.473	5076.06
600.715	4907.72
600.957	4630.14
601.199	4356.14
601.441	4046.32
601.683	3607.55
601.925	3394.44
602.167	2957.47
602.409	2527.66
602.65	2550.94
602.892	2336.04
603.134	2303.8
603.376	2131.88
603.618	2035.17
603.86	2054.87
604.101	2029.8
604.343	1974.28
604.585	2264.4
604.827	2083.52
605.068	2282.31
605.31	2151.58
605.552	2325.29
605.794	2384.39
606.035	2418.42
606.277	2558.1
606.518	2649.44
606.76	2941.35
607.002	3020.15
607.243	3227.89
607.485	3519.8
607.726	3732.91
607.968	4101.83
608.209	4531.64
608.451	5172.77
608.692	5686.75
608.933	6657.4
609.175	7601.19
609.416	9338.33
609.658	11732.72
609.899	15377.13
610.14	21424.89
610.382	28692.23
610.623	36398.33
610.864	45166.42
611.105	52967.44
611.347	58171.7
611.588	59921.38
611.829	60390.58
612.07	60584
612.311	60666.38
612.553	59815.72
612.794	57749.05
613.035	52643.29
613.276	48706.97
613.517	43264.52
613.758	40325.71
613.999	36563.09
614.24	33715.62
614.481	30124.93
614.722	27730.54
614.963	25823.26
615.204	23179.94
615.445	21211.78
615.686	19805.95
615.927	17592.44
616.167	15900.07
616.408	14019.66
616.649	12721.28
616.89	11516.02
617.131	10172.87
617.372	9223.71
617.612	8283.51
617.853	7307.49
618.094	6831.11
618.334	6313.55
618.575	5903.44
618.816	5625.86
619.056	5292.76
619.297	5136.95
619.538	5009.8
619.778	4873.7
620.019	4665.96
620.259	4785.94
620.5	4776.99
620.74	4802.06
620.981	4923.84
621.221	4694.61
621.462	4891.6
621.702	4768.04
621.943	4888.02
622.183	4845.04
622.423	4816.39
622.664	4721.47
622.904	5018.76
623.144	4923.84
623.385	5009.8
623.625	5239.03
623.865	5081.44
624.105	5240.82
624.346	5077.86
624.586	5217.54
624.826	5360.81
625.066	5213.96
625.306	5144.12
625.546	5165.61
625.787	5450.36
626.027	5346.49
626.267	5244.41
626.507	5178.14
626.747	5242.61
626.987	5033.08
627.227	5174.56
627.467	5042.04
627.707	5205.01
627.947	4900.56
628.187	4854
628.427	4837.88
628.666	5029.5
628.906	4617.6
629.146	4794.9
629.386	4789.53
629.626	5128
629.866	5418.12
630.105	5699.29
630.345	6499.8
630.585	6934.98
630.825	7443.59
631.064	8176.06
631.304	8253.06
631.544	8340.82
631.783	8147.4
632.023	7642.38
632.262	7004.83
632.502	6460.4
632.742	5683.17
632.981	4809.23
633.221	4241.52
633.46	3718.59
633.7	3091.78
633.939	2781.96
634.179	2187.4
634.418	2022.64
634.657	1703.86
634.897	1411.95
635.136	1499.7
635.376	1349.27
635.615	1360.01
635.854	1218.54
636.094	994.68
636.333	1213.16
636.572	1048.4
636.811	960.65
637.051	912.3
637.29	835.29
637.529	779.77
637.768	887.23
638.007	844.24
638.246	708.14
638.486	777.98
638.725	874.69
638.964	684.86
639.203	846.04
639.442	552.33
639.681	677.69
639.92	700.98
640.159	538.01
640.398	582.78
640.637	665.16
640.876	663.37
641.114	645.46
641.353	693.81
641.592	600.69
641.831	681.28
642.07	620.39
642.309	611.43
642.548	641.88
642.786	813.8
643.025	822.75
643.264	717.09
643.502	776.19
643.741	709.93
643.98	742.17
644.219	566.66
644.457	765.45
644.696	561.29
644.934	733.21
645.173	706.35
645.412	718.88
645.65	692.02
645.889	640.09
646.127	636.5
646.366	817.38
646.604	876.48
646.842	645.46
647.081	661.58
647.319	609.64
647.558	579.2
647.796	650.83
648.034	604.27
648.273	758.28
648.511	679.48
648.749	756.49
648.988	777.98
649.226	1009
649.464	1003.63
649.702	1157.65
649.941	1401.2
650.179	1411.95
650.417	1712.82
650.655	1972.49
650.893	1988.61
651.131	2081.73
651.369	2126.51
651.607	2119.34
651.845	1850.71
652.083	1788.03
652.321	1684.16
652.559	1727.14
652.797	1501.49
653.035	1381.5
653.273	1483.58
653.511	1356.43
653.749	1270.47
653.987	1200.63
654.225	1182.72
654.463	1048.4
654.701	844.24
654.938	940.95
655.176	860.36
655.414	776.19
655.652	700.98
655.889	720.67
656.127	686.65
656.365	751.12
656.602	586.36
656.84	688.44
657.078	541.59
657.315	688.44
657.553	570.24
657.79	588.15
658.028	718.88
658.266	684.86
658.503	769.03
658.741	656.2
658.978	564.87
659.215	636.5
659.453	538.01
659.69	690.23
659.928	652.62
660.165	480.7
660.402	473.54
660.64	414.44
660.877	486.07
661.114	536.22
661.352	600.69
661.589	683.07
661.826	738.58
662.063	806.64
662.301	932
662.538	1078.85
662.775	1231.07
663.012	1195.25
663.249	1225.7
663.486	1148.69
663.723	1189.88
663.961	1157.65
664.198	989.3
664.435	987.51
664.672	808.43
664.909	801.26
665.146	663.37
665.383	711.72
665.619	652.62
665.856	527.26
666.093	498.61
666.33	462.79
666.567	532.63
666.804	564.87
667.041	441.3
667.278	552.33
667.514	459.21
667.751	600.69
667.988	466.37
668.225	563.08
668.461	550.54
668.698	464.58
668.935	448.46
669.171	557.71
669.408	430.55
669.644	548.75
669.881	452.04
670.118	319.52
670.354	430.55
670.591	400.11
670.827	398.32
671.064	461
671.3	477.12
671.537	306.98
671.773	348.17
672.01	416.23
672.246	403.69
672.482	315.94
672.719	376.83
672.955	480.7
673.191	324.89
673.428	486.07
673.664	246.1
673.9	477.12
674.136	339.22
674.373	396.53
674.609	319.52
674.845	396.53
675.081	183.41
675.317	342.8
675.553	256.84
675.79	333.85
676.026	346.38
676.262	330.27
676.498	330.27
676.734	351.76
676.97	398.32
677.206	371.46
677.442	271.17
677.678	521.89
677.914	328.47
678.15	430.55
678.386	301.61
678.621	258.63
678.857	366.08
679.093	333.85
679.329	342.8
679.565	339.22
679.8	310.57
680.036	346.38
680.272	426.97
680.508	373.25
680.743	364.29
680.979	418.02
681.215	278.33
681.45	376.83
681.686	314.15
681.922	394.74
682.157	299.82
682.393	376.83
682.628	369.66
682.864	387.57
683.099	332.06
683.335	383.99
683.57	283.7
683.806	341.01
684.041	382.2
684.277	385.78
684.512	298.03
684.747	430.55
684.983	369.66
685.218	292.66
685.453	376.83
685.689	380.41
685.924	292.66
686.159	577.41
686.394	477.12
686.63	588.15
686.865	700.98
687.1	777.98
687.335	838.87
687.57	1068.1
687.806	987.51
688.041	1014.38
688.276	1050.19
688.511	1170.18
688.746	1016.17
688.981	1043.03
689.216	892.6
689.451	767.24
689.686	790.52
689.921	853.2
690.156	573.82
690.391	495.03
690.625	629.34
690.86	407.27
691.095	346.38
691.33	382.2
691.565	235.35
691.8	355.34
692.034	222.81
692.269	195.95
692.504	375.04
692.739	333.85
692.973	387.57
693.208	421.6
693.443	536.22
693.677	715.3
693.912	609.64
694.146	690.23
694.381	727.84
694.616	649.04
694.85	699.18
695.085	779.77
695.319	597.11
695.554	695.6
695.788	835.29
696.023	842.45
696.257	1161.23
696.491	1130.78
696.726	1356.43
696.96	1601.78
697.194	1626.85
697.429	1467.47
697.663	1315.24
697.897	1381.5
698.132	1168.39
698.366	1030.49
698.6	939.16
698.834	627.55
699.068	620.39
699.303	342.8
699.537	294.45
699.771	328.47
700.005	183.41
700.239	287.28
700.473	197.74
700.707	99.24
700.941	158.34
701.175	97.45
701.409	131.48
701.643	158.34
701.877	126.11
702.111	178.04
702.345	97.45
702.579	249.68
702.813	231.77
703.047	262.21
703.281	176.25
703.514	315.94
703.748	448.46
703.982	213.86
704.216	437.72
704.449	441.3
704.683	486.07
704.917	516.52
705.15	487.86
705.384	604.27
705.618	731.42
705.851	1218.54
706.085	1449.56
706.319	1800.57
706.552	1976.07
706.786	2402.3
707.019	2803.45
707.253	2935.98
707.486	3029.1
707.72	3324.6
707.953	3251.17
708.187	3290.57
708.42	3288.78
708.653	3202.82
708.887	3125.81
709.12	3073.87
709.353	3054.18
709.587	2839.27
709.82	2867.92
710.053	2524.08
710.286	2362.9
710.52	2126.51
710.753	1893.69
710.986	1872.2
711.219	1793.4
711.452	1777.29
711.686	1530.15
711.919	1714.61
712.152	1671.63
712.385	1807.73
712.618	1925.93
712.851	1985.03
713.084	2058.45
713.317	1925.93
713.55	1857.88
713.783	1780.87
714.016	1599.99
714.249	1471.05
714.482	1268.68
714.714	1062.73
714.947	1010.8
715.18	826.34
715.413	471.74
715.646	521.89
715.878	403.69
716.111	371.46
716.344	271.17
716.577	265.79
716.809	247.89
717.042	167.3
717.275	244.3
717.507	219.23
717.74	192.37
717.973	129.69
718.205	160.13
718.438	81.34
718.67	22.24
718.903	68.8
719.135	206.7
719.368	131.48
719.6	63.43
719.833	52.68
720.065	122.53
720.297	15.07
720.53	49.1
720.762	75.96
720.995	-11.79
721.227	38.35
721.459	67.01
721.691	36.56
721.924	93.87
722.156	199.53
722.388	9.7
722.62	152.97
722.853	-79.84
723.085	88.5
723.317	147.6
723.549	-15.37
723.781	24.03
724.013	61.64
724.245	142.22
724.477	-6.42
724.709	72.38
724.941	49.1
725.173	-6.42
725.405	83.13
725.637	27.61
725.869	77.75
726.101	65.22
726.333	192.37
726.565	97.45
726.797	165.51
727.028	108.2
727.26	199.53
727.492	187
727.724	487.86
727.956	353.55
728.187	281.91
728.419	355.34
728.651	453.84
728.882	339.22
729.114	246.1
729.346	167.3
729.577	244.3
729.809	106.41
730.04	67.01
730.272	109.99
730.503	-1.04
730.735	81.34
730.966	97.45
731.198	34.77
731.429	2.54
731.661	22.24
731.892	167.3
732.124	154.76
732.355	36.56
732.586	45.52
732.818	59.84
733.049	99.24
733.28	29.4
733.512	120.73
733.743	24.03
733.974	102.83
734.205	75.96
734.436	-61.93
734.668	93.87
734.899	-101.33
735.13	24.03
735.361	136.85
735.592	74.17
735.823	9.7
736.054	111.78
736.285	-54.77
736.516	9.7
736.747	142.22
736.978	92.08
737.209	83.13
737.44	375.04
737.671	425.18
737.902	570.24
738.133	856.78
738.364	1039.45
738.594	1159.44
738.825	1553.43
739.056	1612.53
739.287	1562.38
739.518	1492.54
739.748	1261.52
739.979	1304.5
740.21	1327.78
740.44	1026.91
740.671	987.51
740.902	604.27
741.132	536.22
741.363	303.4
741.593	289.08
741.824	208.49
742.055	256.84
742.285	40.15
742.516	106.41
742.746	-29.7
742.976	109.99
743.207	90.29
743.437	122.53
743.668	101.03
743.898	58.05
744.128	102.83
744.359	97.45
744.589	63.43
744.819	102.83
745.05	117.15
745.28	124.32
745.51	7.91
745.74	147.6
745.971	59.84
746.201	199.53
746.431	70.59
746.661	124.32
746.891	61.64
747.121	77.75
747.351	190.58
747.581	154.76
747.811	31.19
748.041	54.47
748.271	72.38
748.501	61.64
748.731	93.87
748.961	70.59
749.191	86.71
749.421	314.15
749.651	548.75
749.881	597.11
750.111	806.64
750.34	1109.29
750.57	1333.15
750.8	1816.69
751.03	1836.39
751.259	2232.17
751.489	2250.08
751.719	2445.28
751.949	2443.49
752.178	2524.08
752.408	2353.95
752.637	2194.56
752.867	1990.4
753.097	1664.46
753.326	1503.28
753.556	1186.3
753.785	829.92
754.015	692.02
754.244	543.38
754.474	355.34
754.703	280.12
754.932	208.49
755.162	101.03
755.391	93.87
755.621	36.56
755.85	24.03
756.079	170.88
756.309	84.92
756.538	-22.54
756.767	38.35
756.996	106.41
757.225	43.73
757.455	-17.16
757.684	122.53
757.913	6.12
758.142	-45.82
758.371	84.92
758.6	0.75
758.829	34.77
759.058	158.34
759.287	-113.87
759.516	58.05
759.745	-44.03
759.974	54.47
760.203	-44.03
760.432	95.66
760.661	-11.79
760.89	65.22
761.119	97.45
761.348	4.33
761.577	70.59
761.805	-65.52
762.034	59.84
762.263	118.94
762.492	534.42
762.721	1214.95
762.949	1522.98
763.178	2280.52
763.407	2869.72
763.635	3808.13
763.864	4184.21
764.092	4746.54
764.321	4751.92
764.55	4560.29
764.778	4510.15
765.007	4554.92
765.235	4037.36
765.464	3845.74
765.692	3227.89
765.921	2712.12
766.149	2010.1
766.377	1601.78
766.606	978.56
766.834	666.95
767.062	391.16
767.291	380.41
767.519	201.32
767.747	90.29
767.976	59.84
768.204	68.8
768.432	45.52
768.66	117.15
768.889	-13.58
769.117	59.84
769.345	-60.14
769.573	-8.21
769.801	45.52
770.029	-44.03
770.257	-4.63
770.485	86.71
770.713	22.24
770.941	109.99
771.169	36.56
771.397	274.75
771.625	332.06
771.853	643.67
772.081	826.34
772.309	958.86
772.537	1291.96
772.765	1557.01
772.992	1669.83
773.22	1739.68
773.448	1659.09
773.676	1650.14
773.903	1367.18
774.131	1406.58
774.359	1379.71
774.586	1043.03
774.814	1069.89
775.042	738.58
775.269	600.69
775.497	280.12
775.725	204.91
775.952	138.64
776.18	117.15
776.407	129.69
776.635	-18.95
776.862	11.49
777.09	45.52
777.317	-1.04
777.544	-36.86
777.772	-11.79
777.999	54.47
778.227	-8.21
778.454	4.33
778.681	7.91
778.908	31.19
779.136	-2.84
779.363	-60.14
779.59	50.89
779.817	-26.12
780.045	27.61
780.272	-42.23
780.499	0.75
780.726	70.59
780.953	27.61
781.18	22.24
781.407	-65.52
781.634	88.5
781.861	-52.98
782.088	-20.74
782.315	84.92
782.542	58.05
782.769	-47.61
782.996	93.87
783.223	38.35
783.45	68.8
783.677	27.61
783.904	27.61
784.13	-18.95
784.357	6.12
784.584	58.05
784.811	-74.47
785.038	129.69
785.264	9.7
785.491	43.73
785.718	-69.1
785.944	11.49
786.171	88.5
786.398	138.64
786.624	-87.01
786.851	13.28
787.077	25.82
787.304	20.45
787.53	56.26
787.757	108.2
787.983	-2.84
788.21	50.89
788.436	32.98
788.663	47.31
788.889	-22.54
789.115	-24.33
789.342	24.03
789.568	-38.65
789.794	75.96
790.021	83.13
790.247	0.75
790.473	70.59
790.699	-20.74
790.926	11.49
791.152	-70.89
791.378	-26.12
791.604	0.75
791.83	77.75
792.056	11.49
792.282	-18.95
792.508	45.52
792.735	156.55
792.961	-6.42
793.187	-2.84
793.413	-44.03
793.638	124.32
793.864	154.76
794.09	339.22
794.316	441.3
794.542	616.8
794.768	704.56
794.994	871.11
795.22	1023.33
795.445	1125.41
795.671	1209.58
795.897	1152.27
796.123	964.23
796.348	1046.61
796.574	1037.66
796.8	906.93
797.025	899.76
797.251	681.28
797.477	529.05
797.702	358.92
797.928	337.43
798.153	305.19
798.379	138.64
798.604	144.02
798.83	-11.79
799.055	63.43
799.281	154.76
799.506	63.43
799.732	217.44
799.957	174.46
800.182	333.85
800.408	595.31
800.633	767.24
800.858	1048.4
801.084	1188.09
801.309	1437.02
801.534	1514.03
801.759	1779.08
801.985	1854.29
802.21	1895.48
802.435	2013.68
802.66	1754.01
802.885	1571.34
803.11	1476.42
803.335	1383.3
803.561	1141.53
803.786	971.4
804.011	844.24
804.236	529.05
804.461	521.89
804.685	357.13
804.91	348.17
805.135	222.81
805.36	101.03
805.585	65.22
805.81	190.58
806.035	-10
806.26	41.94
806.484	24.03
806.709	41.94
806.934	-42.23
807.159	126.11
807.383	-27.91
807.608	45.52
807.833	-52.98
808.057	160.13
808.282	111.78
808.507	-4.63
808.731	84.92
808.956	126.11
809.18	142.22
809.405	179.83
809.629	396.53
809.854	573.82
810.078	634.71
810.303	935.58
810.527	1531.94
810.751	2190.98
810.976	2678.09
811.2	3378.32
811.425	3736.5
811.649	4141.23
811.873	4832.51
812.097	4968.61
812.322	4846.83
812.546	4750.13
812.77	4257.64
812.994	3983.64
813.219	3600.39
813.443	3242.22
813.667	2907.32
813.891	2516.91
814.115	1897.27
814.339	1737.89
814.563	1394.04
814.787	942.74
815.011	607.85
815.235	477.12
815.459	319.52
815.683	194.16
815.907	201.32
816.131	50.89
816.355	129.69
816.579	47.31
816.802	-18.95
817.026	45.52
817.25	13.28
817.474	70.59
817.698	18.65
817.921	-15.37
818.145	-22.54
818.369	-17.16
818.592	75.96
818.816	32.98
819.04	86.71
819.263	65.22
819.487	25.82
819.71	-42.23
819.934	-13.58
820.158	74.17
820.381	9.7
820.605	-2.84
820.828	-36.86
821.051	-36.86
821.275	2.54
821.498	-29.7
821.722	50.89
821.945	65.22
822.168	0.75
822.392	-58.35
822.615	118.94
822.838	-11.79
823.061	2.54
823.285	-61.93
823.508	65.22
823.731	-35.07
823.954	-15.37
824.177	70.59
824.401	-4.63
824.624	-40.44
824.847	9.7
825.07	-31.49
825.293	-113.87
825.516	49.1
825.739	127.9
825.962	256.84
826.185	326.68
826.408	375.04
826.631	613.22
826.854	666.95
827.077	606.06
827.299	684.86
827.522	643.67
827.745	480.7
827.968	378.62
828.191	534.42
828.413	409.06
828.636	358.92
828.859	342.8
829.082	355.34
829.304	194.16
829.527	357.13
829.75	256.84
829.972	212.07
830.195	86.71
830.417	84.92
830.64	-42.23
830.862	-2.84
831.085	136.85
831.307	6.12
831.53	-70.89
831.752	-87.01
831.975	61.64
832.197	24.03
832.42	-2.84
832.642	-44.03
832.864	-78.05
833.087	-35.07
833.309	-112.08
833.531	68.8
833.753	-49.4
833.976	-36.86
834.198	-4.63
834.42	-4.63
834.642	-27.91
834.864	-8.21
835.086	32.98
835.309	59.84
835.531	20.45
835.753	6.12
835.975	133.27
836.197	-2.84
836.419	-51.19
836.641	11.49
836.863	-85.22
837.085	-6.42
837.307	0.75
837.529	-42.23
837.75	29.4
837.972	-72.68
838.194	-36.86
838.416	20.45
838.638	-61.93
838.859	77.75
839.081	-31.49
839.303	101.03
839.525	4.33
839.746	99.24
839.968	262.21
840.19	330.27
840.411	396.53
840.633	609.64
840.855	742.17
841.076	910.51
841.298	1062.73
841.519	1284.8
841.741	1309.87
841.962	1351.06
842.184	1395.83
842.405	1535.52
842.626	1635.81
842.848	1859.67
843.069	1902.65
843.291	1838.18
843.512	1675.21
843.733	1571.34
843.955	1254.35
844.176	1240.03
844.397	996.47
844.618	1032.29
844.839	923.04
845.061	894.39
845.282	665.16
845.503	615.01
845.724	500.4
845.945	294.45
846.166	265.79
846.387	226.4
846.608	126.11
846.829	68.8
847.05	49.1
847.271	213.86
847.492	97.45
847.713	79.54
847.934	-10
848.155	11.49
848.376	-42.23
848.597	11.49
848.818	20.45
849.038	-38.65
849.259	-106.71
849.48	16.86
849.701	-52.98
849.921	-2.84
850.142	-67.31
850.363	31.19
850.584	-119.24
850.804	4.33
851.025	-24.33
851.245	115.36
851.466	77.75
851.687	185.21
851.907	208.49
852.128	294.45
852.348	281.91
852.569	326.68
852.789	373.25
853.009	375.04
853.23	339.22
853.45	224.6
853.671	258.63
853.891	256.84
854.111	306.98
854.332	163.72
854.552	160.13
854.772	228.19
854.992	83.13
855.213	169.09
855.433	90.29
855.653	124.32
855.873	75.96
856.093	7.91
856.313	29.4
856.533	79.54
856.753	109.99
856.974	-38.65
857.194	6.12
857.414	-8.21
857.634	-26.12
857.854	88.5
858.073	18.65
858.293	-121.03
858.513	22.24
858.733	-101.33
858.953	-94.17
859.173	18.65
859.393	-51.19
859.612	-61.93
859.832	-99.54
860.052	-67.31
860.272	108.2
860.491	32.98
860.711	-133.57
860.931	-8.21
861.15	-13.58
861.37	-101.33
861.59	22.24
861.809	-22.54
862.029	32.98
862.248	-94.17
862.468	47.31
862.687	-22.54
862.907	-63.73
863.126	58.05
863.346	7.91
863.565	-78.05
863.785	4.33
864.004	-94.17
864.223	-4.63
864.443	-22.54
864.662	-51.19
864.881	22.24
865.1	-70.89
865.32	-79.84
865.539	-88.8
865.758	32.98
865.977	6.12
866.196	6.12
866.416	18.65
866.635	-17.16
866.854	7.91
867.073	61.64
867.292	-63.73
867.511	22.24
867.73	111.78
867.949	113.57
868.168	25.82
868.387	-11.79
868.606	70.59
868.825	-2.84
869.044	50.89
869.262	115.36
869.481	-69.1
869.7	-27.91
869.919	68.8
870.138	-4.63
870.356	13.28
870.575	-1.04
870.794	-18.95
871.013	-35.07
871.231	-83.42
871.45	36.56
871.668	-31.49
871.887	88.5
872.106	-101.33
872.324	24.03
872.543	-83.42
872.761	-31.49
872.98	-58.35
873.198	-110.29
873.417	-61.93
873.635	-18.95
873.854	-49.4
874.072	-45.82
874.29	54.47
874.509	-11.79
874.727	-79.84
874.945	38.35
875.164	-117.45
875.382	72.38
875.6	45.52
875.818	4.33
876.037	-1.04
876.255	-13.58
876.473	63.43
876.691	24.03
876.909	25.82
877.127	-74.47
877.345	131.48
877.563	-56.56
877.781	-36.86
877.999	47.31
878.217	25.82
878.435	-115.66
878.653	-65.52
878.871	-38.65
879.089	-31.49
879.307	58.05
879.525	-49.4
879.743	54.47
879.96	-67.31
880.178	-103.12
880.396	-40.44
880.614	-26.12
880.832	4.33
881.049	86.71
881.267	-56.56
881.485	-1.04
881.702	-94.17
881.92	-70.89
882.137	16.86
882.355	6.12
882.573	-6.42
882.79	-24.33
883.008	-36.86
883.225	-11.79
883.443	-113.87
883.66	-76.26
883.877	-49.4
884.095	32.98
884.312	-94.17
884.53	31.19
884.747	-15.37
884.964	-165.8
885.182	25.82
885.399	-31.49
885.616	-26.12
885.833	-63.73
886.051	0.75
886.268	-56.56
886.485	-17.16
886.702	31.19
886.919	-65.52
887.136	-33.28
887.353	-11.79
887.57	47.31
887.788	-69.1
888.005	7.91
888.222	-137.15
888.439	-36.86
888.655	-70.89
888.872	-94.17
889.089	-8.21
889.306	-35.07
889.523	58.05
889.74	-4.63
889.957	25.82
890.174	15.07
890.39	-51.19
890.607	-51.19
890.824	-79.84
891.041	-49.4
891.257	-29.7
891.474	29.4
891.691	-160.43
891.907	-17.16
892.124	-140.73
892.34	-13.58
892.557	109.99
892.774	-13.58
892.99	15.07
893.207	-22.54
893.423	-61.93
893.64	-11.79
893.856	-76.26
894.072	-18.95
894.289	32.98
894.505	27.61
894.722	-101.33
894.938	-4.63
895.154	-22.54
895.37	0.75
895.587	11.49
895.803	-67.31
896.019	-33.28
896.235	4.33
896.452	-108.5
896.668	-99.54
896.884	15.07
897.1	-94.17
897.316	18.65
897.532	0.75
897.748	-54.77
897.964	56.26
898.18	-142.52
898.396	-42.23
898.612	-58.35
898.828	9.7
899.044	18.65
899.26	-72.68
899.476	-15.37
899.692	-45.82
899.908	-83.42
900.123	-74.47
900.339	-10
900.555	-13.58
900.771	22.24
900.986	24.03
901.202	-85.22
901.418	-13.58
901.633	-8.21
901.849	-4.63
902.065	92.08
902.28	74.17
902.496	-36.86
902.711	-42.23
902.927	95.66
903.143	-13.58
903.358	-40.44
903.573	-27.91
903.789	20.45
904.004	24.03
904.22	-44.03
904.435	-90.59
904.651	-8.21
904.866	-49.4
905.081	-155.06
905.296	-85.22
905.512	6.12
905.727	4.33
905.942	-112.08
906.157	-97.75
906.373	-1.04
906.588	7.91
906.803	-17.16
907.018	-15.37
907.233	-1.04
907.448	-2.84
907.663	-4.63
907.878	-52.98
908.093	-35.07
908.308	-99.54
908.523	-110.29
908.738	-4.63
908.953	-24.33
909.168	41.94
909.383	-65.52
909.598	-131.78
909.813	-26.12
910.027	32.98
910.242	-17.16
910.457	11.49
910.672	-78.05
910.887	-22.54
911.101	58.05
911.316	187
911.531	240.72
911.745	260.42
911.96	312.36
912.174	425.18
912.389	443.09
912.604	373.25
912.818	414.44
913.033	459.21
913.247	317.73
913.462	459.21
913.676	292.66
913.89	280.12
914.105	342.8
914.319	425.18
914.534	306.98
914.748	380.41
914.962	353.55
915.177	348.17
915.391	314.15
915.605	380.41
915.819	249.68
916.034	418.02
916.248	330.27
916.462	294.45
916.676	178.04
916.89	90.29
917.104	34.77
917.318	-22.54
917.532	-29.7
917.746	104.62
917.96	-42.23
918.174	-38.65
918.388	-2.84
918.602	-85.22
918.816	-196.25
919.03	-29.7
919.244	61.64
919.458	-160.43
919.672	-147.9
919.886	-63.73
920.099	-10
920.313	-70.89
920.527	-63.73
920.741	-51.19
920.954	-18.95
921.168	18.65
921.382	56.26
921.595	70.59
921.809	-24.33
922.023	52.68
922.236	-35.07
922.45	7.91
922.663	147.6
922.877	122.53
923.09	74.17
923.304	-47.61
923.517	-11.79
923.731	7.91
923.944	20.45
924.157	95.66
924.371	99.24
924.584	13.28
924.797	-18.95
925.011	43.73
925.224	59.84
925.437	50.89
925.65	36.56
925.864	6.12
926.077	-47.61
926.29	56.26
926.503	31.19
926.716	41.94
926.929	4.33
927.142	-1.04
927.355	-81.63
927.568	-33.28
927.781	-20.74
927.994	-17.16
928.207	-78.05
928.42	0.75
928.633	-44.03
928.846	-40.44
929.059	-2.84
929.272	-54.77
929.485	-11.79
929.697	-103.12
929.91	-87.01
930.123	-35.07
930.336	-90.59
930.549	27.61
930.761	-113.87
930.974	18.65
931.187	-22.54
931.399	-36.86
931.612	-56.56
931.824	-58.35
932.037	-85.22
932.249	-17.16
932.462	-74.47
932.675	-33.28
932.887	-113.87
933.099	-33.28
933.312	-42.23
933.524	-49.4
933.737	-79.84
933.949	-36.86
934.161	-155.06
934.374	24.03
934.586	13.28
934.798	65.22
935.011	-31.49
935.223	45.52
935.435	-54.77
935.647	-196.25
935.859	-133.57
936.072	-138.94
936.284	92.08
936.496	-26.12
936.708	-24.33
936.92	-137.15
937.132	-78.05
937.344	86.71
937.556	13.28
937.768	-24.33
937.98	-35.07
938.192	-4.63
938.404	6.12
938.616	-31.49
938.828	-6.42
939.039	-15.37
939.251	-54.77
939.463	7.91
939.675	18.65
939.887	34.77
940.098	-135.36
940.31	-11.79
940.522	2.54
940.733	-74.47
940.945	0.75
941.157	-119.24
941.368	67.01
941.58	38.35
941.791	-85.22
942.003	6.12
942.214	-40.44
942.426	-22.54
942.637	-54.77
942.849	-1.04
943.06	7.91
943.272	-8.21
943.483	-6.42
943.694	24.03
943.906	-103.12
944.117	9.7
944.328	-78.05
944.54	-172.97
944.751	31.19
944.962	-95.96
945.173	6.12
945.384	-51.19
945.596	-156.85
945.807	9.7
946.018	25.82
946.229	-63.73
946.44	-27.91
946.651	-44.03
946.862	-83.42
947.073	11.49
947.284	-79.84
947.495	-29.7
947.706	25.82
947.917	49.1
948.128	-2.84
948.339	-49.4
948.549	-56.56
948.76	-42.23
948.971	-27.91
949.182	-70.89
949.393	31.19
949.603	-108.5
949.814	-169.39
950.025	-36.86
950.235	-101.33
950.446	-87.01
950.657	-56.56
950.867	-147.9
951.078	-128.2
951.288	-128.2
951.499	-92.38
951.709	-29.7
951.92	-18.95
952.13	34.77
952.341	-126.41
952.551	-133.57
952.762	-106.71
952.972	6.12
953.182	-95.96
953.393	-1.04
953.603	-69.1
953.813	-83.42
954.024	-27.91
954.234	11.49
954.444	7.91
954.654	-29.7
954.865	-83.42
955.075	-65.52
955.285	118.94
955.495	-58.35
955.705	-67.31
955.915	9.7
956.125	72.38
956.335	97.45
956.545	-185.5
956.755	97.45
956.965	-44.03
957.175	31.19
957.385	-81.63
957.595	-29.7
957.805	61.64
958.015	32.98
958.224	-65.52
958.434	32.98
958.644	-117.45
958.854	-74.47
959.064	-27.91
959.273	4.33
959.483	-138.94
959.693	-52.98
959.902	-70.89
960.112	-51.19
960.322	22.24
960.531	-138.94
960.741	-31.49
960.95	-61.93
961.16	-56.56
961.369	27.61
961.579	-49.4
961.788	-164.01
961.998	-97.75
962.207	52.68
962.416	-67.31
962.626	-133.57
962.835	9.7
963.044	-11.79
963.254	-54.77
963.463	-135.36
963.672	-180.13
963.881	-47.61
964.091	9.7
964.3	-58.35
964.509	-94.17
964.718	58.05
964.927	-44.03
965.136	27.61
965.345	-35.07
965.554	58.05
965.763	6.12
965.972	108.2
966.181	58.05
966.39	24.03
966.599	27.61
966.808	-20.74
967.017	-65.52
967.226	-26.12
967.435	-40.44
967.644	-2.84
967.852	95.66
968.061	108.2
968.27	-1.04
968.479	-90.59
968.687	43.73
968.896	-18.95
969.105	-22.54
969.313	-42.23
969.522	2.54
969.731	-18.95
969.939	52.68
970.148	83.13
970.356	59.84
970.565	-18.95
970.773	-40.44
970.982	63.43
971.19	-67.31
971.399	-54.77
971.607	-29.7
971.815	-87.01
972.024	115.36
972.232	-78.05
972.44	-61.93
972.649	-20.74
972.857	-35.07
973.065	-97.75
973.273	-47.61
973.482	20.45
973.69	-94.17
973.898	-83.42
974.106	31.19
974.314	-44.03
974.522	36.56
974.73	-67.31
974.938	-40.44
975.146	-18.95
975.354	11.49
975.562	-1.04
975.77	-167.6
975.978	-76.26
976.186	-33.28
976.394	-27.91
976.602	15.07
976.81	-31.49
977.018	34.77
977.225	16.86
977.433	45.52
977.641	-76.26
977.849	-42.23
978.056	4.33
978.264	-58.35
978.472	-26.12
978.679	6.12
978.887	-4.63
979.094	-35.07
979.302	-17.16
979.51	-72.68
979.717	7.91
979.925	-47.61
980.132	13.28
980.339	-24.33
980.547	-74.47
980.754	-94.17
980.962	-44.03
981.169	-70.89
981.376	-17.16
981.584	-52.98
981.791	50.89
981.998	-138.94
982.206	-8.21
982.413	93.87
982.62	11.49
982.827	-165.8
983.034	43.73
983.242	-113.87
983.449	-36.86
983.656	-128.2
983.863	86.71
984.07	-72.68
984.277	24.03
984.484	-95.96
984.691	-4.63
984.898	-51.19
985.105	-67.31
985.312	-176.55
985.519	-70.89
985.725	-72.68
985.932	-42.23
986.139	-6.42
986.346	-33.28
986.553	-97.75
986.759	-128.2
986.966	-133.57
987.173	81.34
987.38	-83.42
987.586	-104.91
987.793	-51.19
988	-133.57
988.206	-119.24
988.413	-40.44
988.619	-61.93
988.826	-35.07
989.032	34.77
989.239	-58.35
989.445	-44.03
989.652	-18.95
989.858	-104.91
990.064	-2.84
990.271	-78.05
990.477	-35.07
990.684	-4.63
990.89	27.61
991.096	-13.58
991.302	-69.1
991.509	-47.61
991.715	-11.79
991.921	-106.71
992.127	31.19
992.333	-151.48
992.539	-4.63
992.746	31.19
992.952	-58.35
993.158	-18.95
993.364	-85.22
993.57	-101.33
993.776	-108.5
993.982	-67.31
994.188	-8.21
994.394	-101.33
994.599	-35.07
994.805	-106.71
995.011	-106.71
995.217	-60.14
995.423	-95.96
995.629	31.19
995.834	-4.63
996.04	-72.68
996.246	-27.91
996.452	-63.73
996.657	-83.42
996.863	-101.33
997.068	-13.58
997.274	-4.63
997.48	38.35
997.685	-104.91
997.891	-20.74
998.096	-33.28
998.302	-115.66
998.507	-79.84
998.713	-11.79
998.918	-26.12
999.123	-22.54
999.329	-95.96
999.534	-31.49
999.74	-72.68
999.945	-65.52
1000.15	-6.42
1000.355	-10
1000.561	101.03
1000.766	-85.22
1000.971	-42.23
1001.176	-15.37
1001.381	-17.16
1001.586	-126.41
1001.792	-69.1
1001.997	6.12
1002.202	-13.58
1002.407	-78.05
1002.612	-54.77
1002.817	-79.84
1003.022	-52.98
1003.227	2.54
1003.432	27.61
1003.637	-140.73
1003.841	-45.82
1004.046	-81.63
1004.251	-90.59
1004.456	-42.23
1004.661	6.12
1004.865	-121.03
1005.07	-2.84
1005.275	67.01
1005.48	-101.33
1005.684	-45.82
1005.889	-29.7
1006.094	-70.89
1006.298	-79.84
1006.503	-27.91
1006.707	-63.73
1006.912	-27.91
1007.116	-58.35
1007.321	-38.65
1007.525	-29.7
1007.73	-126.41
1007.934	-126.41
1008.139	-2.84
1008.343	-10
1008.547	-92.38
1008.752	-26.12
1008.956	-15.37
1009.16	-27.91
1009.364	-63.73
1009.569	20.45
1009.773	-101.33
1009.977	-38.65
1010.181	-133.57
1010.385	-87.01
1010.589	-95.96
1010.794	-63.73
1010.998	-52.98
1011.202	24.03
1011.406	-17.16
1011.61	-146.1
1011.814	-172.97
1012.018	-95.96
1012.222	-58.35
1012.426	-74.47
1012.629	50.89
1012.833	-17.16
1013.037	-156.85
1013.241	-138.94
1013.445	-27.91
1013.649	-104.91
1013.852	29.4
1014.056	-119.24
1014.26	-74.47
1014.463	-44.03
1014.667	20.45
1014.871	-47.61
1015.074	-69.1
1015.278	-42.23
1015.482	-49.4
1015.685	4.33
1015.889	-1.04
1016.092	-104.91
1016.296	-58.35
1016.499	-18.95
1016.703	-35.07
1016.906	-78.05
1017.109	-58.35
1017.313	-113.87
1017.516	-65.52
1017.719	-151.48
1017.923	41.94
1018.126	-49.4
1018.329	-29.7
1018.532	-63.73
1018.736	18.65
1018.939	11.49
1019.142	13.28
1019.345	-103.12
1019.548	-101.33
1019.751	-2.84
1019.954	-85.22
1020.157	32.98
1020.361	-52.98
1020.564	-49.4
1020.766	-121.03
1020.969	49.1
1021.172	-6.42
1021.375	-88.8
1021.578	-51.19
1021.781	-33.28
1021.984	-67.31
1022.187	2.54
1022.389	-81.63
1022.592	-52.98
1022.795	-33.28
1022.998	-81.63
1023.2	-79.84
1023.403	-142.52
1023.606	-88.8
1023.808	-18.95
1024.011	-13.58
1024.214	-178.34
1024.416	27.61
1024.619	-49.4
1024.821	-4.63
1025.024	-40.44
1025.226	-51.19
1025.429	-99.54
1025.631	-61.93
1025.833	49.1
1026.036	-97.75
1026.238	-35.07
1026.441	-155.06
1026.643	70.59
1026.845	-67.31
1027.047	-90.59
1027.25	-162.22
1027.452	2.54
1027.654	36.56
1027.856	-99.54
1028.058	-4.63
1028.261	-36.86
1028.463	-140.73
1028.665	-51.19
1028.867	-94.17
1029.069	24.03
1029.271	7.91
1029.473	-44.03
1029.675	-24.33
1029.877	-106.71
1030.079	-54.77
1030.281	-40.44
1030.482	-13.58
1030.684	-85.22
1030.886	77.75
1031.088	-87.01
1031.29	13.28
1031.491	-83.42
1031.693	-101.33
1031.895	90.29
1032.097	-42.23
1032.298	-113.87
1032.5	-11.79
1032.701	-117.45
1032.903	-85.22
1033.105	-87.01
1033.306	2.54
1033.508	-90.59
1033.709	-38.65
1033.911	-54.77
1034.112	-60.14
1034.314	45.52
1034.515	-72.68
1034.716	25.82
1034.918	-47.61
1035.119	-35.07
1035.32	-79.84
1035.522	4.33
1035.723	-10
1035.924	-15.37
1036.125	-18.95
1036.327	-99.54
1036.528	43.73
1036.729	-117.45
1036.93	-17.16
1037.131	-58.35
1037.332	-126.41
1037.533	-87.01
1037.734	-88.8
1037.935	-56.56
1038.136	-128.2
1038.337	-18.95
1038.538	-17.16
1038.739	-74.47
1038.94	-44.03
1039.141	-140.73
1039.342	-26.12
1039.543	-95.96
1039.744	15.07
1039.944	-67.31
1040.145	-29.7
1040.346	-133.57
1040.547	-52.98
1040.747	-165.8
1040.948	32.98
1041.149	-17.16
1041.349	-8.21
1041.55	-74.47
1041.75	-88.8
1041.951	-113.87
1042.152	-20.74
1042.352	-20.74
1042.553	-88.8
1042.753	-52.98
1042.953	6.12
1043.154	-101.33
1043.354	-65.52
1043.555	-67.31
1043.755	-81.63
1043.955	-78.05
1044.156	-56.56
1044.356	-31.49
1044.556	0.75
1044.756	-99.54
1044.957	-112.08
1045.157	-33.28
1045.357	-95.96
1045.557	-140.73
1045.757	-90.59
1045.957	-18.95
1046.157	-90.59
1046.357	-110.29
1046.557	-22.54
1046.757	-65.52
1046.957	-36.86
1047.157	-58.35
1047.357	-103.12
1047.557	-63.73
1047.757	-121.03
1047.957	-78.05
1048.157	-78.05
1048.356	4.33
1048.556	-36.86
1048.756	-90.59
1048.956	-33.28
1049.156	-26.12
1049.355	-24.33
1049.555	-42.23
1049.755	41.94
1049.954	-119.24
1050.154	-11.79
1050.353	18.65
1050.553	117.15
1050.752	-95.96
1050.952	56.26
1051.151	-22.54
1051.351	-78.05
1051.55	-18.95
1051.75	-42.23
1051.949	-88.8
1052.148	126.11
1052.348	41.94
1052.547	-11.79
1052.746	-79.84
1052.946	-60.14
1053.145	-63.73
1053.344	-17.16
1053.543	-51.19
1053.743	-146.1
1053.942	-70.89
1054.141	-65.52
1054.34	-60.14
1054.539	-106.71
1054.738	43.73
1054.937	-83.42
1055.136	-110.29
1055.335	-92.38
1055.534	-101.33
1055.733	20.45
1055.932	20.45
1056.131	20.45
