194.216	-331.16
194.484	-331.16
194.753	-331.16
195.022	-284.6
195.29	69.99
195.559	107.6
195.827	-33.88
196.096	9.1
196.364	-3.43
196.633	16.27
196.901	-96.56
197.17	-7.01
197.438	-24.92
197.706	73.57
197.975	-75.07
198.243	-41.04
198.512	75.37
198.78	5.52
199.048	25.22
199.317	19.85
199.585	125.51
199.853	148.79
200.122	52.08
200.39	127.3
200.658	-44.62
200.926	5.52
201.195	69.99
201.463	-21.34
201.731	105.81
201.999	138.05
202.267	66.41
202.536	170.28
202.804	71.78
203.072	44.92
203.34	71.78
203.608	7.31
203.876	30.59
204.144	86.11
204.412	-50
204.68	53.88
204.948	0.15
205.216	18.06
205.484	-24.92
205.752	46.71
206.02	37.76
206.288	18.06
206.556	-30.3
206.824	1.94
207.092	41.34
207.36	258.03
207.628	19.85
207.896	123.72
208.164	89.69
208.431	98.65
208.699	18.06
208.967	-15.97
209.235	172.07
209.503	163.12
209.77	-1.64
210.038	5.52
210.306	-1.64
210.573	93.27
210.841	19.85
211.109	80.74
211.377	41.34
211.644	109.39
211.912	43.13
212.179	-15.97
212.447	-118.05
212.715	34.18
212.982	175.65
213.25	129.09
213.517	-5.22
213.785	116.56
214.052	1.94
214.32	34.18
214.587	107.6
214.855	118.35
215.122	14.48
215.39	154.16
215.657	-1.64
215.925	-71.49
216.192	5.52
216.459	107.6
216.727	55.67
216.994	-33.88
217.261	14.48
217.529	159.54
217.796	132.67
218.063	184.61
218.331	136.26
218.598	107.6
218.865	53.88
219.132	116.56
219.399	109.39
219.667	64.62
219.934	39.55
220.201	109.39
220.468	-46.41
220.735	35.97
221.002	107.6
221.27	16.27
221.537	53.88
221.804	105.81
222.071	-46.41
222.338	172.07
222.605	-21.34
222.872	-5.22
223.139	84.32
223.406	16.27
223.673	86.11
223.94	86.11
224.207	132.67
224.474	44.92
224.741	125.51
225.007	46.71
225.274	82.53
225.541	52.08
225.808	-21.34
226.075	77.16
226.342	87.9
226.609	30.59
226.875	-32.09
227.142	86.11
227.409	-33.88
227.676	114.76
227.942	86.11
228.209	9.1
228.476	35.97
228.742	0.15
229.009	28.8
229.276	168.49
229.542	25.22
229.809	107.6
230.076	86.11
230.342	25.22
230.609	-55.37
230.875	84.32
231.142	57.46
231.408	100.44
231.675	30.59
231.941	32.38
232.208	55.67
232.474	61.04
232.741	25.22
233.007	25.22
233.274	177.45
233.54	-19.55
233.807	-73.28
234.073	34.18
234.339	27.01
234.606	34.18
234.872	32.38
235.138	59.25
235.405	30.59
235.671	91.48
235.937	80.74
236.203	27.01
236.47	-3.43
236.736	78.95
237.002	16.27
237.268	61.04
237.535	95.07
237.801	87.9
238.067	43.13
238.333	107.6
238.599	-1.64
238.865	3.73
239.131	25.22
239.397	121.93
239.663	-39.25
239.929	148.79
240.195	166.7
240.462	127.3
240.728	46.71
240.993	-12.39
241.259	202.52
241.525	147
241.791	-80.44
242.057	145.21
242.323	10.89
242.589	-24.92
242.855	159.54
243.121	5.52
243.387	39.55
243.652	41.34
243.918	95.07
244.184	-3.43
244.45	1.94
244.716	87.9
244.981	37.76
245.247	86.11
245.513	34.18
245.779	32.38
246.044	175.65
246.31	175.65
246.576	147
246.841	41.34
247.107	16.27
247.373	-80.44
247.638	245.5
247.904	148.79
248.169	84.32
248.435	61.04
248.7	27.01
248.966	46.71
249.231	41.34
249.497	59.25
249.762	123.72
250.028	170.28
250.293	9.1
250.559	-1.64
250.824	-7.01
251.09	104.02
251.355	138.05
251.62	78.95
251.886	37.76
252.151	89.69
252.416	48.5
252.682	68.2
252.947	71.78
253.212	61.04
253.477	66.41
253.743	80.74
254.008	55.67
254.273	-35.67
254.538	27.01
254.804	89.69
255.069	197.14
255.334	59.25
255.599	21.64
255.864	77.16
256.129	84.32
256.394	102.23
256.659	0.15
256.925	21.64
257.19	-12.39
257.455	27.01
257.72	121.93
257.985	93.27
258.25	86.11
258.515	64.62
258.78	16.27
259.044	25.22
259.309	-14.18
259.574	68.2
259.839	53.88
260.104	82.53
260.369	9.1
260.634	46.71
260.899	202.52
261.163	80.74
261.428	-12.39
261.693	89.69
261.958	37.76
262.223	-17.76
262.487	28.8
262.752	78.95
263.017	77.16
263.281	129.09
263.546	41.34
263.811	89.69
264.075	107.6
264.34	-58.95
264.605	89.69
264.869	159.54
265.134	19.85
265.398	-78.65
265.663	69.99
265.927	109.39
266.192	57.46
266.457	12.69
266.721	114.76
266.985	62.83
267.25	35.97
267.514	50.29
267.779	19.85
268.043	143.42
268.308	37.76
268.572	104.02
268.836	75.37
269.101	112.97
269.365	64.62
269.629	154.16
269.894	-15.97
270.158	148.79
270.422	27.01
270.687	82.53
270.951	62.83
271.215	52.08
271.479	95.07
271.743	-33.88
272.008	-44.62
272.272	34.18
272.536	139.84
272.8	50.29
273.064	129.09
273.328	134.46
273.592	98.65
273.856	155.95
274.12	39.55
274.385	32.38
274.649	16.27
274.913	66.41
275.177	-26.71
275.441	141.63
275.704	19.85
275.968	50.29
276.232	-17.76
276.496	18.06
276.76	77.16
277.024	145.21
277.288	50.29
277.552	9.1
277.816	95.07
278.079	102.23
278.343	78.95
278.607	86.11
278.871	64.62
279.135	61.04
279.398	57.46
279.662	93.27
279.926	18.06
280.189	161.33
280.453	102.23
280.717	21.64
280.98	179.24
281.244	37.76
281.508	80.74
281.771	53.88
282.035	39.55
282.298	240.13
282.562	78.95
282.826	114.76
283.089	37.76
283.353	95.07
283.616	98.65
283.88	132.67
284.143	111.18
284.407	-46.41
284.67	18.06
284.933	152.37
285.197	5.52
285.46	41.34
285.724	62.83
285.987	130.88
286.25	32.38
286.514	123.72
286.777	87.9
287.04	19.85
287.303	3.73
287.567	37.76
287.83	107.6
288.093	93.27
288.356	-26.71
288.62	80.74
288.883	143.42
289.146	139.84
289.409	-7.01
289.672	-57.16
289.935	71.78
290.198	25.22
290.461	155.95
290.725	28.8
290.988	-24.92
291.251	118.35
291.514	-91.18
291.777	52.08
292.04	89.69
292.303	80.74
292.566	-8.81
292.829	118.35
293.091	86.11
293.354	120.14
293.617	114.76
293.88	-12.39
294.143	27.01
294.406	-17.76
294.669	5.52
294.932	-28.5
295.194	89.69
295.457	34.18
295.72	1.94
295.983	123.72
296.245	28.8
296.508	41.34
296.771	105.81
297.034	175.65
297.296	10.89
297.559	50.29
297.822	-87.6
298.084	98.65
298.347	-48.2
298.609	141.63
298.872	-24.92
299.135	55.67
299.397	1.94
299.66	-46.41
299.922	84.32
300.185	44.92
300.447	-41.04
300.71	172.07
300.972	141.63
301.235	-30.3
301.497	-39.25
301.759	50.29
302.022	129.09
302.284	52.08
302.546	224.01
302.809	16.27
303.071	25.22
303.333	-35.67
303.596	-3.43
303.858	111.18
304.12	-32.09
304.383	-8.81
304.645	-17.76
304.907	73.57
305.169	30.59
305.431	134.46
305.694	62.83
305.956	91.48
306.218	43.13
306.48	28.8
306.742	30.59
307.004	30.59
307.266	44.92
307.528	129.09
307.79	136.26
308.052	78.95
308.314	82.53
308.576	111.18
308.838	35.97
309.1	139.84
309.362	-85.81
309.624	69.99
309.886	23.43
310.148	18.06
310.41	62.83
310.672	71.78
310.934	145.21
311.196	96.86
311.457	73.57
311.719	44.92
311.981	50.29
312.243	207.89
312.504	30.59
312.766	82.53
313.028	147
313.29	3.73
313.551	-53.58
313.813	25.22
314.075	-48.2
314.336	102.23
314.598	91.48
314.86	-1.64
315.121	87.9
315.383	179.24
315.644	50.29
315.906	-48.2
316.167	112.97
316.429	68.2
316.69	21.64
316.952	-89.39
317.213	10.89
317.475	191.77
317.736	123.72
317.998	-3.43
318.259	91.48
318.521	102.23
318.782	80.74
319.043	43.13
319.305	19.85
319.566	198.94
319.827	78.95
320.089	-57.16
320.35	139.84
320.611	16.27
320.872	-66.11
321.134	28.8
321.395	0.15
321.656	27.01
321.917	0.15
322.178	23.43
322.44	-17.76
322.701	61.04
322.962	184.61
323.223	-14.18
323.484	43.13
323.745	-44.62
324.006	34.18
324.267	112.97
324.528	35.97
324.789	35.97
325.05	-12.39
325.311	-19.55
325.572	62.83
325.833	-7.01
326.094	18.06
326.355	32.38
326.616	14.48
326.877	59.25
327.138	139.84
327.398	41.34
327.659	19.85
327.92	-17.76
328.181	3.73
328.442	166.7
328.702	-5.22
328.963	95.07
329.224	59.25
329.485	27.01
329.745	-21.34
330.006	50.29
330.267	114.76
330.527	114.76
330.788	23.43
331.049	61.04
331.309	-71.49
331.57	53.88
331.83	50.29
332.091	-10.6
332.351	48.5
332.612	172.07
332.873	134.46
333.133	0.15
333.393	30.59
333.654	34.18
333.914	18.06
334.175	73.57
334.435	114.76
334.696	-14.18
334.956	-15.97
335.216	66.41
335.477	53.88
335.737	46.71
335.997	86.11
336.258	184.61
336.518	32.38
336.778	130.88
337.038	12.69
337.299	35.97
337.559	73.57
337.819	80.74
338.079	68.2
338.34	27.01
338.6	3.73
338.86	64.62
339.12	96.86
339.38	84.32
339.64	52.08
339.9	141.63
340.16	143.42
340.42	-12.39
340.68	-33.88
340.94	-39.25
341.2	102.23
341.46	10.89
341.72	25.22
341.98	10.89
342.24	-66.11
342.5	96.86
342.76	-51.79
343.02	145.21
343.28	84.32
343.54	224.01
343.799	16.27
344.059	-5.22
344.319	64.62
344.579	345.79
344.839	-10.6
345.098	68.2
345.358	10.89
345.618	-17.76
345.878	0.15
346.137	184.61
346.397	59.25
346.657	109.39
346.916	55.67
347.176	71.78
347.435	-15.97
347.695	179.24
347.955	3.73
348.214	105.81
348.474	-24.92
348.733	-69.69
348.993	132.67
349.252	9.1
349.512	163.12
349.771	80.74
350.031	118.35
350.29	112.97
350.549	86.11
350.809	116.56
351.068	21.64
351.328	120.14
351.587	152.37
351.846	-17.76
352.106	-50
352.365	-10.6
352.624	84.32
352.883	3.73
353.143	-33.88
353.402	207.89
353.661	-69.69
353.92	141.63
354.179	159.54
354.439	129.09
354.698	-46.41
354.957	86.11
355.216	44.92
355.475	114.76
355.734	28.8
355.993	191.77
356.252	53.88
356.511	93.27
356.77	0.15
357.029	71.78
357.288	62.83
357.547	23.43
357.806	93.27
358.065	100.44
358.324	89.69
358.583	145.21
358.842	43.13
359.101	0.15
359.36	78.95
359.619	66.41
359.877	3.73
360.136	125.51
360.395	-3.43
360.654	68.2
360.913	39.55
361.171	-33.88
361.43	-15.97
361.689	44.92
361.947	95.07
362.206	69.99
362.465	114.76
362.723	-5.22
362.982	50.29
363.241	61.04
363.499	48.5
363.758	57.46
364.016	114.76
364.275	39.55
364.533	34.18
364.792	-12.39
365.05	161.33
365.309	32.38
365.567	95.07
365.826	87.9
366.084	114.76
366.343	-15.97
366.601	12.69
366.86	78.95
367.118	132.67
367.376	50.29
367.635	-15.97
367.893	12.69
368.151	-24.92
368.409	27.01
368.668	43.13
368.926	-33.88
369.184	95.07
369.442	55.67
369.701	52.08
369.959	39.55
370.217	-71.49
370.475	-32.09
370.733	77.16
370.991	-10.6
371.25	-1.64
371.508	28.8
371.766	-41.04
372.024	-33.88
372.282	-41.04
372.54	19.85
372.798	39.55
373.056	71.78
373.314	93.27
373.572	182.82
373.83	-12.39
374.088	62.83
374.345	64.62
374.603	143.42
374.861	-5.22
375.119	-42.83
375.377	-15.97
375.635	21.64
375.893	50.29
376.15	100.44
376.408	75.37
376.666	37.76
376.924	82.53
377.181	71.78
377.439	86.11
377.697	231.17
377.954	25.22
378.212	80.74
378.47	35.97
378.727	68.2
378.985	-42.83
379.243	112.97
379.5	-53.58
379.758	150.58
380.015	-5.22
380.273	-110.88
380.53	-12.39
380.788	191.77
381.045	64.62
381.303	25.22
381.56	-15.97
381.818	50.29
382.075	80.74
382.332	39.55
382.59	16.27
382.847	102.23
383.105	154.16
383.362	-7.01
383.619	80.74
383.876	-39.25
384.134	111.18
384.391	41.34
384.648	96.86
384.905	28.8
385.163	5.52
385.42	77.16
385.677	30.59
385.934	69.99
386.191	-32.09
386.449	-19.55
386.706	52.08
386.963	-85.81
387.22	98.65
387.477	-8.81
387.734	121.93
387.991	-24.92
388.248	46.71
388.505	5.52
388.762	91.48
389.019	53.88
389.276	12.69
389.533	-15.97
389.79	138.05
390.047	73.57
390.304	120.14
390.56	37.76
390.817	105.81
391.074	53.88
391.331	53.88
391.588	62.83
391.844	132.67
392.101	-1.64
392.358	-55.37
392.615	202.52
392.871	-12.39
393.128	-5.22
393.385	155.95
393.641	161.33
393.898	218.64
394.155	129.09
394.411	75.37
394.668	198.94
394.925	378.02
395.181	134.46
395.438	100.44
395.694	87.9
395.951	148.79
396.207	34.18
396.464	-5.22
396.72	-17.76
396.977	121.93
397.233	-23.13
397.489	-15.97
397.746	111.18
398.002	52.08
398.259	0.15
398.515	23.43
398.771	34.18
399.028	-33.88
399.284	-28.5
399.54	28.8
399.796	86.11
400.053	27.01
400.309	18.06
400.565	43.13
400.821	18.06
401.078	-71.49
401.334	37.76
401.59	-1.64
401.846	172.07
402.102	155.95
402.358	53.88
402.614	7.31
402.87	109.39
403.126	53.88
403.382	152.37
403.638	202.52
403.894	186.4
404.15	293.85
404.406	295.64
404.662	132.67
404.918	68.2
405.174	121.93
405.43	175.65
405.686	78.95
405.942	152.37
406.198	120.14
406.454	61.04
406.709	59.25
406.965	182.82
407.221	75.37
407.477	12.69
407.732	59.25
407.988	96.86
408.244	12.69
408.5	30.59
408.755	-23.13
409.011	68.2
409.267	41.34
409.522	23.43
409.778	32.38
410.033	105.81
410.289	1.94
410.545	-76.86
410.8	53.88
411.056	91.48
411.311	80.74
411.567	111.18
411.822	-17.76
412.078	-12.39
412.333	-8.81
412.588	-60.74
412.844	48.5
413.099	95.07
413.355	107.6
413.61	5.52
413.865	-1.64
414.121	77.16
414.376	147
414.631	268.78
414.887	610.84
415.142	961.85
415.397	1080.04
415.652	1302.11
415.907	1029.9
416.163	888.42
416.418	662.77
416.673	489.06
416.928	471.15
417.183	463.98
417.438	189.98
417.693	428.17
417.949	326.09
418.204	435.33
418.459	575.02
418.714	610.84
418.969	969.01
419.224	1416.73
419.479	1441.8
419.734	1389.86
419.989	1192.87
420.243	949.31
420.498	789.92
420.753	558.9
421.008	426.38
421.263	317.13
421.518	195.35
421.773	222.22
422.027	211.47
422.282	252.66
422.537	0.15
422.792	104.02
423.047	14.48
423.301	-8.81
423.556	-75.07
423.811	240.13
424.065	30.59
424.32	-14.18
424.575	216.84
424.829	224.01
425.084	306.39
425.338	354.74
425.593	447.87
425.848	544.57
426.102	483.68
426.357	596.51
426.611	721.87
426.866	499.8
427.12	419.21
427.374	431.75
427.629	344
427.883	292.06
428.138	241.92
428.392	134.46
428.646	68.2
428.901	272.36
429.155	227.59
429.409	309.97
429.664	188.19
429.918	281.32
430.172	229.38
430.427	163.12
430.681	78.95
430.935	93.27
431.189	71.78
431.443	93.27
431.698	91.48
431.952	86.11
432.206	43.13
432.46	168.49
432.714	250.87
432.968	345.79
433.222	344
433.476	397.72
433.73	295.64
433.984	315.34
434.238	254.45
434.492	164.91
434.746	191.77
435	143.42
435.254	3.73
435.508	138.05
435.762	82.53
436.016	95.07
436.27	111.18
436.523	-23.13
436.777	-50
437.031	27.01
437.285	-35.67
437.539	69.99
437.792	48.5
438.046	139.84
438.3	62.83
438.553	125.51
438.807	23.43
439.061	9.1
439.314	120.14
439.568	105.81
439.822	48.5
440.075	61.04
440.329	179.24
440.582	-12.39
440.836	-5.22
441.09	1.94
441.343	130.88
441.597	64.62
441.85	186.4
442.103	182.82
442.357	-82.23
442.61	-96.56
442.864	64.62
443.117	21.64
443.371	120.14
443.624	59.25
443.877	-23.13
444.131	75.37
444.384	-92.98
444.637	-84.02
444.89	161.33
445.144	59.25
445.397	-55.37
445.65	89.69
445.903	-50
446.157	-26.71
446.41	-7.01
446.663	125.51
446.916	48.5
447.169	46.71
447.422	-46.41
447.675	-42.83
447.928	123.72
448.181	95.07
448.435	95.07
448.688	52.08
448.941	-3.43
449.194	46.71
449.446	78.95
449.699	118.35
449.952	32.38
450.205	123.72
450.458	105.81
450.711	211.47
450.964	163.12
451.217	227.59
451.47	125.51
451.722	134.46
451.975	109.39
452.228	109.39
452.481	-26.71
452.733	123.72
452.986	84.32
453.239	186.4
453.492	28.8
453.744	-42.83
453.997	132.67
454.25	34.18
454.502	64.62
454.755	64.62
455.007	82.53
455.26	206.1
455.513	12.69
455.765	18.06
456.018	89.69
456.27	105.81
456.523	-19.55
456.775	5.52
457.028	91.48
457.28	55.67
457.532	30.59
457.785	172.07
458.037	66.41
458.29	34.18
458.542	37.76
458.794	82.53
459.047	96.86
459.299	164.91
459.551	159.54
459.803	193.56
460.056	69.99
460.308	102.23
460.56	82.53
460.812	21.64
461.064	28.8
461.317	62.83
461.569	89.69
461.821	-30.3
462.073	43.13
462.325	132.67
462.577	48.5
462.829	44.92
463.081	-26.71
463.333	57.46
463.585	66.41
463.837	23.43
464.089	139.84
464.341	14.48
464.593	3.73
464.845	61.04
465.097	86.11
465.349	9.1
465.601	0.15
465.852	5.52
466.104	16.27
466.356	14.48
466.608	39.55
466.86	104.02
467.111	59.25
467.363	78.95
467.615	43.13
467.867	55.67
468.118	-58.95
468.37	82.53
468.622	-7.01
468.873	7.31
469.125	34.18
469.376	134.46
469.628	66.41
469.88	10.89
470.131	143.42
470.383	206.1
470.634	134.46
470.886	35.97
471.137	130.88
471.389	7.31
471.64	48.5
471.892	141.63
472.143	-32.09
472.394	136.26
472.646	-24.92
472.897	30.59
473.148	80.74
473.4	-12.39
473.651	71.78
473.902	145.21
474.154	50.29
474.405	35.97
474.656	96.86
474.907	0.15
475.159	61.04
475.41	25.22
475.661	-21.34
475.912	66.41
476.163	75.37
476.414	91.48
476.665	-41.04
476.917	21.64
477.168	71.78
477.419	-26.71
477.67	-26.71
477.921	193.56
478.172	-3.43
478.423	114.76
478.674	-39.25
478.925	86.11
479.176	53.88
479.426	91.48
479.677	111.18
479.928	69.99
480.179	0.15
480.43	134.46
480.681	37.76
480.932	55.67
481.182	98.65
481.433	107.6
481.684	69.99
481.935	14.48
482.185	-37.46
482.436	145.21
482.687	100.44
482.937	-1.64
483.188	147
483.439	91.48
483.689	86.11
483.94	25.22
484.19	-26.71
484.441	123.72
484.692	16.27
484.942	-24.92
485.193	-141.33
485.443	96.86
485.694	-21.34
485.944	39.55
486.194	37.76
486.445	0.15
486.695	27.01
486.946	3.73
487.196	98.65
487.446	100.44
487.697	107.6
487.947	52.08
488.197	-23.13
488.448	-8.81
488.698	64.62
488.948	43.13
489.198	100.44
489.449	134.46
489.699	52.08
489.949	18.06
490.199	35.97
490.449	193.56
490.699	77.16
490.949	150.58
491.2	23.43
491.45	-7.01
491.7	57.46
491.95	-80.44
492.2	-39.25
492.45	129.09
492.7	107.6
492.95	35.97
493.2	-91.18
493.45	16.27
493.699	-50
493.949	-28.5
494.199	-67.9
494.449	136.26
494.699	7.31
494.949	50.29
495.199	147
495.448	116.56
495.698	-35.67
495.948	82.53
496.198	25.22
496.447	12.69
496.697	-39.25
496.947	50.29
497.196	163.12
497.446	66.41
497.696	-33.88
497.945	-51.79
498.195	93.27
498.444	123.72
498.694	-53.58
498.944	53.88
499.193	-30.3
499.443	53.88
499.692	21.64
499.942	34.18
500.191	-23.13
500.44	102.23
500.69	-5.22
500.939	-46.41
501.189	-23.13
501.438	98.65
501.687	-42.83
501.937	-7.01
502.186	-8.81
502.435	59.25
502.685	34.18
502.934	-7.01
503.183	-82.23
503.432	120.14
503.682	39.55
503.931	12.69
504.18	96.86
504.429	66.41
504.678	52.08
504.927	62.83
505.176	138.05
505.426	127.3
505.675	68.2
505.924	-24.92
506.173	-12.39
506.422	53.88
506.671	30.59
506.92	109.39
507.169	73.57
507.418	121.93
507.667	-51.79
507.915	61.04
508.164	7.31
508.413	35.97
508.662	50.29
508.911	41.34
509.16	-84.02
509.408	82.53
509.657	39.55
509.906	-14.18
510.155	-12.39
510.404	39.55
510.652	55.67
510.901	52.08
511.15	10.89
511.398	0.15
511.647	-26.71
511.896	62.83
512.144	86.11
512.393	-66.11
512.641	7.31
512.89	89.69
513.138	52.08
513.387	64.62
513.635	-23.13
513.884	86.11
514.132	59.25
514.381	35.97
514.629	96.86
514.878	37.76
515.126	46.71
515.374	-10.6
515.623	57.46
515.871	12.69
516.119	71.78
516.368	62.83
516.616	12.69
516.864	-92.98
517.113	62.83
517.361	68.2
517.609	-1.64
517.857	52.08
518.105	157.75
518.354	95.07
518.602	123.72
518.85	134.46
519.098	82.53
519.346	182.82
519.594	53.88
519.842	14.48
520.09	-19.55
520.338	41.34
520.586	-26.71
520.834	-8.81
521.082	104.02
521.33	132.67
521.578	102.23
521.826	136.26
522.074	34.18
522.322	69.99
522.57	-23.13
522.817	18.06
523.065	78.95
523.313	116.56
523.561	59.25
523.809	23.43
524.056	-73.28
524.304	28.8
524.552	14.48
524.8	50.29
525.047	39.55
525.295	188.19
525.543	14.48
525.79	118.35
526.038	68.2
526.285	23.43
526.533	111.18
526.781	86.11
527.028	-41.04
527.276	159.54
527.523	-17.76
527.771	73.57
528.018	7.31
528.266	118.35
528.513	14.48
528.76	1.94
529.008	57.46
529.255	-3.43
529.502	52.08
529.75	-53.58
529.997	96.86
530.244	71.78
530.492	87.9
530.739	18.06
530.986	48.5
531.234	55.67
531.481	-64.32
531.728	68.2
531.975	-80.44
532.222	-84.02
532.469	34.18
532.717	172.07
532.964	37.76
533.211	98.65
533.458	75.37
533.705	-73.28
533.952	154.16
534.199	10.89
534.446	95.07
534.693	130.88
534.94	105.81
535.187	-19.55
535.434	-73.28
535.681	118.35
535.928	-50
536.174	134.46
536.421	-28.5
536.668	52.08
536.915	23.43
537.162	32.38
537.409	-15.97
537.655	53.88
537.902	18.06
538.149	64.62
538.396	48.5
538.642	148.79
538.889	9.1
539.136	-33.88
539.382	-17.76
539.629	-1.64
539.875	-33.88
540.122	7.31
540.369	-24.92
540.615	19.85
540.862	102.23
541.108	39.55
541.355	104.02
541.601	84.32
541.848	95.07
542.094	53.88
542.341	-12.39
542.587	130.88
542.833	-33.88
543.08	43.13
543.326	-23.13
543.572	64.62
543.819	111.18
544.065	118.35
544.311	75.37
544.558	73.57
544.804	125.51
545.05	195.35
545.296	69.99
545.542	80.74
545.789	111.18
546.035	138.05
546.281	-10.6
546.527	-15.97
546.773	61.04
547.019	30.59
547.265	50.29
547.511	27.01
547.757	159.54
548.003	41.34
548.249	50.29
548.495	89.69
548.741	44.92
548.987	211.47
549.233	80.74
549.479	132.67
549.725	102.23
549.971	78.95
550.217	227.59
550.463	64.62
550.708	116.56
550.954	35.97
551.2	93.27
551.446	44.92
551.691	129.09
551.937	96.86
552.183	78.95
552.429	43.13
552.674	28.8
552.92	75.37
553.165	27.01
553.411	-64.32
553.657	14.48
553.902	21.64
554.148	16.27
554.393	-26.71
554.639	43.13
554.884	28.8
555.13	-7.01
555.375	211.47
555.621	154.16
555.866	96.86
556.112	204.31
556.357	93.27
556.602	84.32
556.848	134.46
557.093	48.5
557.338	95.07
557.584	-3.43
557.829	98.65
558.074	-12.39
558.32	52.08
558.565	0.15
558.81	-37.46
559.055	-5.22
559.3	43.13
559.546	-82.23
559.791	61.04
560.036	170.28
560.281	104.02
560.526	104.02
560.771	173.86
561.016	87.9
561.261	87.9
561.506	-1.64
561.751	-5.22
561.996	82.53
562.241	-10.6
562.486	129.09
562.731	37.76
562.976	82.53
563.221	77.16
563.466	-1.64
563.71	28.8
563.955	-28.5
564.2	66.41
564.445	98.65
564.69	134.46
564.934	18.06
565.179	57.46
565.424	129.09
565.669	84.32
565.913	27.01
566.158	52.08
566.403	50.29
566.647	7.31
566.892	44.92
567.136	-23.13
567.381	43.13
567.626	53.88
567.87	-46.41
568.115	78.95
568.359	84.32
568.604	71.78
568.848	95.07
569.093	66.41
569.337	64.62
569.581	66.41
569.826	86.11
570.07	121.93
570.315	0.15
570.559	0.15
570.803	28.8
571.048	25.22
571.292	35.97
571.536	82.53
571.78	-71.49
572.025	186.4
572.269	62.83
572.513	7.31
572.757	-80.44
573.001	-50
573.245	61.04
573.49	91.48
573.734	25.22
573.978	73.57
574.222	25.22
574.466	95.07
574.71	41.34
574.954	134.46
575.198	18.06
575.442	-23.13
575.686	-53.58
575.93	5.52
576.174	55.67
576.418	1.94
576.661	12.69
576.905	9.1
577.149	66.41
577.393	5.52
577.637	-96.56
577.881	12.69
578.124	50.29
578.368	57.46
578.612	95.07
578.856	84.32
579.099	73.57
579.343	100.44
579.587	39.55
579.83	0.15
580.074	-41.04
580.318	10.89
580.561	-35.67
580.805	48.5
581.048	154.16
581.292	-67.9
581.535	-15.97
581.779	-92.98
582.022	19.85
582.266	87.9
582.509	-23.13
582.753	12.69
582.996	57.46
583.239	37.76
583.483	-35.67
583.726	-5.22
583.969	87.9
584.213	43.13
584.456	3.73
584.699	89.69
584.943	-67.9
585.186	3.73
585.429	-24.92
585.672	12.69
585.915	12.69
586.159	59.25
586.402	-8.81
586.645	23.43
586.888	69.99
587.131	1.94
587.374	-82.23
587.617	102.23
587.86	50.29
588.103	120.14
588.346	189.98
588.589	188.19
588.832	93.27
589.075	68.2
589.318	19.85
589.561	48.5
589.804	121.93
590.047	35.97
590.29	52.08
590.532	34.18
590.775	105.81
591.018	225.8
591.261	283.11
591.504	93.27
591.746	105.81
591.989	73.57
592.232	-33.88
592.474	245.5
592.717	129.09
592.96	73.57
593.202	46.71
593.445	182.82
593.688	64.62
593.93	125.51
594.173	129.09
594.415	84.32
594.658	37.76
594.9	150.58
595.143	-5.22
595.385	93.27
595.628	-26.71
595.87	35.97
596.112	86.11
596.355	14.48
596.597	25.22
596.84	-35.67
597.082	-75.07
597.324	14.48
597.567	32.38
597.809	-33.88
598.051	-17.76
598.293	-15.97
598.536	86.11
598.778	73.57
599.02	25.22
599.262	105.81
599.504	-12.39
599.746	64.62
599.988	78.95
600.231	134.46
600.473	9.1
600.715	18.06
600.957	3.73
601.199	10.89
601.441	155.95
601.683	25.22
601.925	116.56
602.167	-73.28
602.409	66.41
602.65	295.64
602.892	324.3
603.134	344
603.376	424.58
603.618	304.6
603.86	404.89
604.101	372.65
604.343	247.29
604.585	229.38
604.827	69.99
605.068	302.81
605.31	86.11
605.552	288.48
605.794	232.96
606.035	173.86
606.277	118.35
606.518	28.8
606.76	147
607.002	69.99
607.243	28.8
607.485	105.81
607.726	50.29
607.968	19.85
608.209	87.9
608.451	147
608.692	62.83
608.933	64.62
609.175	44.92
609.416	118.35
609.658	48.5
609.899	44.92
610.14	43.13
610.382	107.6
610.623	234.75
610.864	23.43
611.105	186.4
611.347	39.55
611.588	-57.16
611.829	30.59
612.07	-35.67
612.311	32.38
612.553	41.34
612.794	-3.43
613.035	0.15
613.276	-21.34
613.517	16.27
613.758	224.01
613.999	5.52
614.24	125.51
614.481	71.78
614.722	39.55
614.963	114.76
615.204	105.81
615.445	44.92
615.686	35.97
615.927	66.41
616.167	53.88
616.408	69.99
616.649	25.22
616.89	61.04
617.131	61.04
617.372	87.9
617.612	138.05
617.853	30.59
618.094	30.59
618.334	9.1
618.575	7.31
618.816	21.64
619.056	111.18
619.297	28.8
619.538	136.26
619.778	32.38
620.019	25.22
620.259	-41.04
620.5	21.64
620.74	64.62
620.981	120.14
621.221	59.25
621.462	78.95
621.702	78.95
621.943	114.76
622.183	-37.46
622.423	75.37
622.664	-57.16
622.904	50.29
623.144	14.48
623.385	-15.97
623.625	105.81
623.865	32.38
624.105	132.67
624.346	-42.83
624.586	-8.81
624.826	34.18
625.066	112.97
625.306	87.9
625.546	53.88
625.787	66.41
626.027	23.43
626.267	1.94
626.507	32.38
626.747	-51.79
626.987	-85.81
627.227	89.69
627.467	0.15
627.707	59.25
627.947	-101.93
628.187	43.13
628.427	30.59
628.666	121.93
628.906	-128.79
629.146	59.25
629.386	-82.23
629.626	35.97
629.866	68.2
630.105	-46.41
630.345	243.71
630.585	102.23
630.825	132.67
631.064	209.68
631.304	91.48
631.544	121.93
631.783	43.13
632.023	52.08
632.262	10.89
632.502	91.48
632.742	-135.96
632.981	-3.43
633.221	-17.76
633.46	19.85
633.7	5.52
633.939	121.93
634.179	-1.64
634.418	148.79
634.657	52.08
634.897	-80.44
635.136	107.6
635.376	34.18
635.615	5.52
635.854	43.13
636.094	-15.97
636.333	39.55
636.572	87.9
636.811	-19.55
637.051	89.69
637.29	30.59
637.529	-19.55
637.768	107.6
638.007	89.69
638.246	19.85
638.486	-17.76
638.725	93.27
638.964	-39.25
639.203	116.56
639.442	-8.81
639.681	19.85
639.92	89.69
640.159	-8.81
640.398	7.31
640.637	73.57
640.876	170.28
641.114	98.65
641.353	220.43
641.592	261.62
641.831	340.41
642.07	145.21
642.309	191.77
642.548	191.77
642.786	206.1
643.025	231.17
643.264	114.76
643.502	159.54
643.741	52.08
643.98	138.05
644.219	-10.6
644.457	0.15
644.696	-92.98
644.934	111.18
645.173	43.13
645.412	91.48
645.65	86.11
645.889	-21.34
646.127	19.85
646.366	129.09
646.604	130.88
646.842	-46.41
647.081	25.22
647.319	9.1
647.558	18.06
647.796	-10.6
648.034	30.59
648.273	116.56
648.511	64.62
648.749	-69.69
648.988	55.67
649.226	104.02
649.464	57.46
649.702	3.73
649.941	-82.23
650.179	69.99
650.417	69.99
650.655	-14.18
650.893	-41.04
651.131	34.18
651.369	12.69
651.607	-80.44
651.845	-3.43
652.083	-10.6
652.321	80.74
652.559	12.69
652.797	-15.97
653.035	-8.81
653.273	12.69
653.511	28.8
653.749	-41.04
653.987	-30.3
654.225	145.21
654.463	9.1
654.701	3.73
654.938	96.86
655.176	27.01
655.414	14.48
655.652	68.2
655.889	-33.88
656.127	-55.37
656.365	41.34
656.602	21.64
656.84	95.07
657.078	-24.92
657.315	68.2
657.553	-48.2
657.79	-32.09
658.028	-17.76
658.266	80.74
658.503	27.01
658.741	7.31
658.978	-41.04
659.215	-51.79
659.453	68.2
659.69	170.28
659.928	111.18
660.165	64.62
660.402	16.27
660.64	123.72
660.877	91.48
661.114	66.41
661.352	39.55
661.589	-3.43
661.826	61.04
662.063	69.99
662.301	25.22
662.538	-62.53
662.775	62.83
663.012	-23.13
663.249	5.52
663.486	-1.64
663.723	-53.58
663.961	95.07
664.198	-66.11
664.435	12.69
664.672	-48.2
664.909	-62.53
665.146	-67.9
665.383	102.23
665.619	87.9
665.856	21.64
666.093	-42.83
666.33	62.83
666.567	43.13
666.804	161.33
667.041	222.22
667.278	340.41
667.514	442.49
667.751	422.79
667.988	442.49
668.225	383.39
668.461	288.48
668.698	284.9
668.935	182.82
669.171	281.32
669.408	127.3
669.644	240.13
669.881	112.97
670.118	16.27
670.354	82.53
670.591	19.85
670.827	12.69
671.064	66.41
671.3	53.88
671.537	44.92
671.773	77.16
672.01	87.9
672.246	121.93
672.482	1.94
672.719	-10.6
672.955	-30.3
673.191	-32.09
673.428	68.2
673.664	-89.39
673.9	84.32
674.136	55.67
674.373	141.63
674.609	112.97
674.845	421
675.081	309.97
675.317	560.69
675.553	399.51
675.79	442.49
676.026	274.15
676.262	207.89
676.498	161.33
676.734	145.21
676.97	123.72
677.206	172.07
677.442	53.88
677.678	202.52
677.914	43.13
678.15	136.26
678.386	121.93
678.621	-44.62
678.857	68.2
679.093	-39.25
679.329	53.88
679.565	-17.76
679.8	-23.13
680.036	62.83
680.272	59.25
680.508	-19.55
680.743	-1.64
680.979	66.41
681.215	-66.11
681.45	-50
681.686	-10.6
681.922	69.99
682.157	-3.43
682.393	16.27
682.628	14.48
682.864	34.18
683.099	5.52
683.335	116.56
683.57	25.22
683.806	43.13
684.041	80.74
684.277	44.92
684.512	75.37
684.747	141.63
684.983	118.35
685.218	25.22
685.453	-21.34
685.689	102.23
685.924	-1.64
686.159	263.41
686.394	80.74
686.63	258.03
686.865	265.2
687.1	442.49
687.335	403.09
687.57	422.79
687.806	250.87
688.041	197.14
688.276	188.19
688.511	247.29
688.746	218.64
688.981	93.27
689.216	155.95
689.451	93.27
689.686	44.92
689.921	138.05
690.156	43.13
690.391	-23.13
690.625	14.48
690.86	78.95
691.095	53.88
691.33	179.24
691.565	41.34
691.8	107.6
692.034	-42.83
692.269	9.1
692.504	75.37
692.739	41.34
692.973	35.97
693.208	14.48
693.443	125.51
693.677	259.83
693.912	234.75
694.146	283.11
694.381	204.31
694.616	166.7
694.85	240.13
695.085	467.57
695.319	886.63
695.554	2931.8
695.788	7482.39
696.023	13093.18
696.257	18041.35
696.491	22298.24
696.726	23947.63
696.96	21492.35
697.194	17054.58
697.429	13927.72
697.663	11133.97
697.897	9284.01
698.132	7296.14
698.366	5883.15
698.6	4574.02
698.834	3392.05
699.068	2507.36
699.303	1724.75
699.537	1174.96
699.771	947.52
700.005	492.64
700.239	437.12
700.473	238.33
700.707	121.93
700.941	50.29
701.175	5.52
701.409	86.11
701.643	75.37
701.877	107.6
702.111	114.76
702.345	155.95
702.579	297.43
702.813	335.04
703.047	394.14
703.281	358.32
703.514	356.53
703.748	302.81
703.982	234.75
704.216	204.31
704.449	232.96
704.683	238.33
704.917	182.82
705.15	148.79
705.384	356.53
705.618	1144.51
705.851	3617.7
706.085	7727.74
706.319	12208.49
706.552	15492.94
706.786	18340.42
707.019	18718.29
707.253	15199.24
707.486	12102.83
707.72	10023.63
707.953	8102.03
708.187	6762.46
708.42	5424.69
708.653	4188.99
708.887	3198.64
709.12	2392.75
709.353	1701.47
709.587	1153.47
709.82	818.58
710.053	542.78
710.286	354.74
710.52	338.62
710.753	168.49
710.986	150.58
711.219	134.46
711.452	188.19
711.686	-7.01
711.919	123.72
712.152	118.35
712.385	191.77
712.618	28.8
712.851	132.67
713.084	107.6
713.317	30.59
713.55	198.94
713.783	437.12
714.016	1019.15
714.249	1773.11
714.482	2245.9
714.714	2666.75
714.947	2811.81
715.18	2532.44
715.413	1792.81
715.646	1438.22
715.878	1371.95
716.111	1183.91
716.344	976.17
716.577	709.33
716.809	499.8
717.042	453.24
717.275	487.27
717.507	215.05
717.74	182.82
717.973	177.45
718.205	71.78
718.438	132.67
718.67	-67.9
718.903	62.83
719.135	77.16
719.368	147
719.6	37.76
719.833	134.46
720.065	112.97
720.297	62.83
720.53	141.63
720.762	154.16
720.995	105.81
721.227	198.94
721.459	152.37
721.691	-5.22
721.924	87.9
722.156	69.99
722.388	-23.13
722.62	215.05
722.853	-7.01
723.085	71.78
723.317	112.97
723.549	19.85
723.781	-3.43
724.013	86.11
724.245	82.53
724.477	-116.26
724.709	73.57
724.941	120.14
725.173	46.71
725.405	66.41
725.637	12.69
725.869	168.49
726.101	241.92
726.333	721.87
726.565	1726.55
726.797	2953.29
727.028	4257.04
727.26	5360.22
727.492	5811.51
727.724	5440.8
727.956	4405.68
728.187	3467.27
728.419	2758.08
728.651	2450.06
728.882	1957.57
729.114	1554.62
729.346	1207.19
729.577	934.98
729.809	741.57
730.04	483.68
730.272	197.14
730.503	198.94
730.735	220.43
730.966	184.61
731.198	152.37
731.429	163.12
731.661	145.21
731.892	252.66
732.124	52.08
732.355	68.2
732.586	198.94
732.818	164.91
733.049	168.49
733.28	32.38
733.512	130.88
733.743	48.5
733.974	68.2
734.205	105.81
734.436	1.94
734.668	229.38
734.899	59.25
735.13	155.95
735.361	227.59
735.592	225.8
735.823	139.84
736.054	297.43
736.285	231.17
736.516	263.41
736.747	431.75
736.978	800.67
737.209	1255.55
737.44	3238.04
737.671	7280.03
737.902	12554.13
738.133	18164.92
738.364	22855.2
738.594	25512.85
738.825	24538.61
739.056	19167.8
739.287	15553.83
739.518	12638.3
739.748	10303.01
739.979	8655.41
740.21	7265.7
740.44	5473.04
740.671	4262.41
740.902	2955.08
741.132	1988.01
741.363	1296.74
741.593	913.49
741.824	472.94
742.055	539.2
742.285	266.99
742.516	139.84
742.746	181.03
742.976	164.91
743.207	172.07
743.437	258.03
743.668	155.95
743.898	132.67
744.128	118.35
744.359	121.93
744.589	157.75
744.819	252.66
745.05	77.16
745.28	213.26
745.51	18.06
745.74	125.51
745.971	100.44
746.201	188.19
746.431	48.5
746.661	256.24
746.891	130.88
747.121	175.65
747.351	193.56
747.581	202.52
747.811	141.63
748.041	182.82
748.271	245.5
748.501	326.09
748.731	444.28
748.961	503.38
749.191	1169.59
749.421	3660.68
749.651	8906.13
749.881	16289.88
750.111	24105.22
750.34	31447.78
750.57	37751.63
750.8	41960.17
751.03	41942.26
751.259	43554.04
751.489	43851.33
751.719	43783.27
751.949	38516.33
752.178	31286.6
752.408	25215.56
752.637	19948.62
752.867	15784.85
753.097	12631.14
753.326	9769.33
753.556	7410.76
753.785	5345.89
754.015	3816.49
754.244	2478.71
754.474	1631.63
754.703	1101.53
754.932	784.55
755.162	449.66
755.391	376.23
755.621	256.24
755.85	116.56
756.079	277.73
756.309	277.73
756.538	105.81
756.767	234.75
756.996	172.07
757.225	127.3
757.455	112.97
757.684	206.1
757.913	120.14
758.142	61.04
758.371	120.14
758.6	27.01
758.829	134.46
759.058	120.14
759.287	-26.71
759.516	159.54
759.745	91.48
759.974	209.68
760.203	84.32
760.432	175.65
760.661	139.84
760.89	152.37
761.119	254.45
761.348	234.75
761.577	281.32
761.805	270.57
762.034	609.04
762.263	1366.58
762.492	4876.68
762.721	13976.08
762.949	27943.05
763.178	44116.38
763.407	55722.99
763.635	59820.49
763.864	60191.2
764.092	57893.52
764.321	50611.85
764.55	39250.59
764.778	32241.13
765.007	27083.44
765.235	22194.37
765.464	18177.45
765.692	14183.82
765.921	10532.24
766.149	7226.3
766.377	4817.58
766.606	2913.89
766.834	2002.34
767.062	1339.72
767.291	983.34
767.519	578.6
767.747	449.66
767.976	292.06
768.204	361.9
768.432	258.03
768.66	327.88
768.889	256.24
769.117	213.26
769.345	102.23
769.573	243.71
769.801	170.28
770.029	238.33
770.257	206.1
770.485	311.76
770.713	272.36
770.941	378.02
771.169	648.44
771.397	2215.45
771.625	6262.81
771.853	11916.58
772.081	18541
772.309	24343.41
772.537	29667.66
772.765	31003.64
772.992	25862.06
773.22	20913.9
773.448	16999.06
773.676	13888.33
773.903	11250.38
774.131	9742.47
774.359	7774.3
774.586	5995.97
774.814	4439.71
775.042	3164.61
775.269	2077.56
775.497	1264.5
775.725	720.08
775.952	478.31
776.18	378.02
776.407	462.19
776.635	181.03
776.862	155.95
777.09	184.61
777.317	292.06
777.544	19.85
777.772	118.35
777.999	134.46
778.227	19.85
778.454	48.5
778.681	138.05
778.908	98.65
779.136	55.67
779.363	87.9
779.59	66.41
779.817	93.27
780.045	87.9
780.272	5.52
780.499	111.18
780.726	39.55
780.953	50.29
781.18	25.22
781.407	-87.6
781.634	145.21
781.861	41.34
782.088	68.2
782.315	37.76
782.542	69.99
782.769	68.2
782.996	69.99
783.223	77.16
783.45	39.55
783.677	16.27
783.904	12.69
784.13	-1.64
784.357	34.18
784.584	59.25
784.811	-21.34
785.038	91.48
785.264	-12.39
785.491	-55.37
785.718	-35.67
785.944	71.78
786.171	69.99
786.398	111.18
786.624	10.89
786.851	46.71
787.077	96.86
787.304	-23.13
787.53	41.34
787.757	98.65
787.983	123.72
788.21	105.81
788.436	69.99
788.663	87.9
788.889	141.63
789.115	32.38
789.342	181.03
789.568	66.41
789.794	121.93
790.021	112.97
790.247	170.28
790.473	75.37
790.699	14.48
790.926	104.02
791.152	-26.71
791.378	-26.71
791.604	73.57
791.83	154.16
792.056	48.5
792.282	96.86
792.508	46.71
792.735	104.02
792.961	59.25
793.187	120.14
793.413	155.95
793.638	521.29
793.864	1696.1
794.09	4538.21
794.316	8272.17
794.542	12631.14
794.768	16076.77
794.994	19945.04
795.22	19679.99
795.445	16542.39
795.671	13431.65
795.897	11185.91
796.123	8990.3
796.348	7511.05
796.574	5967.32
796.8	4828.33
797.025	3841.56
797.251	2801.07
797.477	2061.44
797.702	1486.57
797.928	1103.32
798.153	892
798.379	404.89
798.604	489.06
798.83	263.41
799.055	297.43
799.281	471.15
799.506	847.23
799.732	2185.01
799.957	4615.21
800.182	8207.69
800.408	12527.27
800.633	17726.15
800.858	24678.3
801.084	28542.99
801.309	31764.76
801.534	34006.93
801.759	34956.09
801.985	31075.28
802.21	25607.76
802.435	20673.92
802.66	17120.84
802.885	13730.73
803.11	10763.26
803.335	8637.5
803.561	6586.96
803.786	4968.02
804.011	3752.02
804.236	2544.97
804.461	1842.95
804.685	1305.69
804.91	918.86
805.135	560.69
805.36	623.37
805.585	358.32
805.81	523.08
806.035	268.78
806.26	272.36
806.484	189.98
806.709	240.13
806.934	211.47
807.159	152.37
807.383	100.44
807.608	256.24
807.833	170.28
808.057	266.99
808.282	243.71
808.507	225.8
808.731	363.7
808.956	327.88
809.18	816.78
809.405	2242.32
809.629	5317.23
809.854	9590.24
810.078	14583.18
810.303	19896.69
810.527	26723.47
810.751	34732.23
810.976	40726.26
811.2	48709.95
811.425	55282.43
811.649	59154.29
811.873	59501.72
812.097	56054.3
812.322	47918.39
812.546	38270.98
812.77	30654.43
812.994	25061.55
813.219	19878.78
813.443	15419.52
813.667	12093.88
813.891	9420.11
814.115	7136.76
814.339	5329.77
814.563	3834.4
814.787	2657.8
815.011	1712.22
815.235	1189.29
815.459	884.84
815.683	655.61
815.907	558.9
816.131	419.21
816.355	301.01
816.579	281.32
816.802	152.37
817.026	232.96
817.25	238.33
817.474	215.05
817.698	132.67
817.921	143.42
818.145	123.72
818.369	93.27
818.592	193.56
818.816	155.95
819.04	71.78
819.263	125.51
819.487	82.53
819.71	25.22
819.934	62.83
820.158	154.16
820.381	95.07
820.605	152.37
820.828	148.79
821.051	-37.46
821.275	37.76
821.498	89.69
821.722	121.93
821.945	-19.55
822.168	206.1
822.392	61.04
822.615	134.46
822.838	32.38
823.061	-53.58
823.285	9.1
823.508	77.16
823.731	66.41
823.954	41.34
824.177	87.9
824.401	111.18
824.624	109.39
824.847	82.53
825.07	170.28
825.293	308.18
825.516	1191.08
825.739	3041.04
825.962	5603.77
826.185	8472.74
826.408	11049.8
826.631	13417.33
826.854	13823.85
827.077	11393.65
827.299	9429.07
827.522	7380.31
827.745	6006.72
827.968	4769.23
828.191	3834.4
828.413	2990.9
828.636	2335.44
828.859	1950.4
829.082	1585.07
829.304	1268.08
829.527	1004.83
829.75	637.7
829.972	555.32
830.195	369.07
830.417	243.71
830.64	96.86
830.862	189.98
831.085	87.9
831.307	69.99
831.53	-32.09
831.752	55.67
831.975	84.32
832.197	46.71
832.42	1.94
832.642	12.69
832.864	102.23
833.087	34.18
833.309	34.18
833.531	107.6
833.753	19.85
833.976	21.64
834.198	127.3
834.42	34.18
834.642	82.53
834.864	9.1
835.086	28.8
835.309	69.99
835.531	155.95
835.753	55.67
835.975	154.16
836.197	111.18
836.419	84.32
836.641	130.88
836.863	-1.64
837.085	48.5
837.307	16.27
837.529	34.18
837.75	107.6
837.972	80.74
838.194	12.69
838.416	118.35
838.638	-30.3
838.859	193.56
839.081	71.78
839.303	191.77
839.525	317.13
839.746	890.21
839.968	2621.98
840.19	5376.33
840.411	9099.55
840.633	13023.34
840.855	16193.17
841.076	19366.59
841.298	18637.71
841.519	17049.21
841.741	17862.26
841.962	19733.72
842.184	23021.75
842.405	26245.31
842.626	29936.29
842.848	30607.86
843.069	25500.31
843.291	20790.33
843.512	16413.45
843.733	13352.86
843.955	10195.56
844.176	8136.06
844.397	6336.24
844.618	5182.92
844.839	4119.14
845.061	3538.9
845.282	2713.31
845.503	2125.91
845.724	1653.12
845.945	1225.1
846.166	852.6
846.387	675.31
846.608	456.82
846.829	335.04
847.05	286.69
847.271	254.45
847.492	250.87
847.713	220.43
847.934	98.65
848.155	182.82
848.376	159.54
848.597	107.6
848.818	91.48
849.038	30.59
849.259	-26.71
849.48	35.97
849.701	43.13
849.921	59.25
850.142	161.33
850.363	78.95
850.584	7.31
850.804	207.89
851.025	501.59
851.245	1241.22
851.466	2715.1
851.687	4534.63
851.907	6608.45
852.128	8664.37
852.348	10236.75
852.569	10394.34
852.789	8585.57
853.009	6886.03
853.23	5259.93
853.45	4197.94
853.671	3141.33
853.891	2613.02
854.111	2138.44
854.332	1733.71
854.552	1414.93
854.772	1208.98
854.992	1026.32
855.213	850.81
855.433	648.44
855.653	539.2
855.873	284.9
856.093	104.02
856.313	191.77
856.533	198.94
856.753	107.6
856.974	152.37
857.194	148.79
857.414	-69.69
857.634	12.69
857.854	104.02
858.073	18.06
858.293	-98.35
858.513	-64.32
858.733	-76.86
858.953	-62.53
859.173	73.57
859.393	3.73
859.612	-24.92
859.832	-3.43
860.052	-17.76
860.272	32.38
860.491	84.32
860.711	-73.28
860.931	34.18
861.15	138.05
861.37	-37.46
861.59	95.07
861.809	-12.39
862.029	12.69
862.248	10.89
862.468	138.05
862.687	3.73
862.907	35.97
863.126	109.39
863.346	87.9
863.565	-14.18
863.785	27.01
864.004	-82.23
864.223	-21.34
864.443	-64.32
864.662	35.97
864.881	-23.13
865.1	62.83
865.32	3.73
865.539	-10.6
865.758	182.82
865.977	410.26
866.196	657.4
866.416	1090.79
866.635	1645.96
866.854	1896.68
867.073	2278.13
867.292	1939.66
867.511	1551.04
867.73	1148.1
867.949	979.75
868.168	723.66
868.387	600.09
868.606	589.34
868.825	422.79
869.044	506.96
869.262	308.18
869.481	159.54
869.7	286.69
869.919	207.89
870.138	181.03
870.356	53.88
870.575	168.49
870.794	107.6
871.013	-32.09
871.231	-57.16
871.45	109.39
871.668	-30.3
871.887	10.89
872.106	-101.93
872.324	32.38
872.543	-24.92
872.761	-30.3
872.98	1.94
873.198	30.59
873.417	-12.39
873.635	69.99
873.854	19.85
874.072	-32.09
874.29	104.02
874.509	-107.3
874.727	-87.6
874.945	-8.81
875.164	-48.2
875.382	87.9
875.6	-10.6
875.818	12.69
876.037	102.23
876.255	68.2
876.473	10.89
876.691	-5.22
876.909	73.57
877.127	-32.09
877.345	206.1
877.563	12.69
877.781	-42.83
877.999	35.97
878.217	-26.71
878.435	-62.53
878.653	-98.35
878.871	7.31
879.089	39.55
879.307	50.29
879.525	53.88
879.743	82.53
879.96	25.22
880.178	-76.86
880.396	18.06
880.614	-33.88
880.832	-58.95
881.049	62.83
881.267	-53.58
881.485	-37.46
881.702	-14.18
881.92	-66.11
882.137	44.92
882.355	87.9
882.573	-69.69
882.79	-14.18
883.008	-62.53
883.225	-60.74
883.443	-46.41
883.66	-10.6
883.877	-7.01
884.095	10.89
884.312	-91.18
884.53	5.52
884.747	59.25
884.964	-21.34
885.182	98.65
885.399	-35.67
885.616	-84.02
885.833	-53.58
886.051	-7.01
886.268	-23.13
886.485	-14.18
886.702	89.69
886.919	-41.04
887.136	-32.09
887.353	-69.69
887.57	82.53
887.788	-8.81
888.005	-7.01
888.222	-76.86
888.439	-21.34
888.655	-12.39
888.872	-66.11
889.089	14.48
889.306	-7.01
889.523	-14.18
889.74	18.06
889.957	5.52
890.174	68.2
890.39	10.89
890.607	39.55
890.824	-8.81
891.041	-5.22
891.257	-33.88
891.474	30.59
891.691	-69.69
891.907	23.43
892.124	-107.3
892.34	14.48
892.557	68.2
892.774	-39.25
892.99	107.6
893.207	21.64
893.423	-17.76
893.64	59.25
893.856	19.85
894.072	-10.6
894.289	64.62
894.505	52.08
894.722	-114.47
894.938	-105.51
895.154	-8.81
895.37	-39.25
895.587	10.89
895.803	-7.01
896.019	-35.67
896.235	-5.22
896.452	-94.77
896.668	-51.79
896.884	96.86
897.1	32.38
897.316	-14.18
897.532	30.59
897.748	34.18
897.964	52.08
898.18	-44.62
898.396	32.38
898.612	-100.14
898.828	48.5
899.044	46.71
899.26	-119.84
899.476	30.59
899.692	-17.76
899.908	-119.84
900.123	-69.69
900.339	28.8
900.555	21.64
900.771	-33.88
900.986	-50
901.202	-85.81
901.418	86.11
901.633	-28.5
901.849	-3.43
902.065	7.31
902.28	100.44
902.496	-17.76
902.711	-67.9
902.927	109.39
903.143	39.55
903.358	96.86
903.573	-58.95
903.789	-44.62
904.004	25.22
904.22	-5.22
904.435	-37.46
904.651	27.01
904.866	-8.81
905.081	-127
905.296	-53.58
905.512	-8.81
905.727	19.85
905.942	-8.81
906.157	96.86
906.373	-8.81
906.588	59.25
906.803	5.52
907.018	12.69
907.233	98.65
907.448	-12.39
907.663	25.22
907.878	5.52
908.093	41.34
908.308	-112.68
908.523	-82.23
908.738	112.97
908.953	44.92
909.168	5.52
909.383	25.22
909.598	-33.88
909.813	130.88
910.027	39.55
910.242	-8.81
910.457	102.23
910.672	61.04
910.887	326.09
911.101	807.83
911.316	2344.39
911.531	4208.69
911.745	6359.52
911.96	8347.38
912.174	10804.45
912.389	12224.61
912.604	12684.86
912.818	10639.69
913.033	9018.96
913.247	7503.88
913.462	6381.01
913.676	5521.39
913.89	4767.44
914.105	3979.46
914.319	3701.87
914.534	3053.58
914.748	2749.13
914.962	2251.27
915.177	2111.58
915.391	1767.74
915.605	1701.47
915.819	1491.94
916.034	1325.39
916.248	1029.9
916.462	657.4
916.676	442.49
916.89	315.34
917.104	326.09
917.318	245.5
917.532	91.48
917.746	309.97
917.96	-103.72
918.174	16.27
918.388	78.95
918.602	77.16
918.816	-24.92
919.03	77.16
919.244	186.4
919.458	-10.6
919.672	30.59
919.886	52.08
920.099	127.3
920.313	121.93
920.527	9.1
920.741	21.64
920.954	125.51
921.168	224.01
921.382	523.08
921.595	773.8
921.809	1085.41
922.023	1671.03
922.236	2020.25
922.45	2514.53
922.663	2915.68
922.877	2731.22
923.09	2296.04
923.304	1988.01
923.517	1697.89
923.731	1490.15
923.944	1203.61
924.157	1187.49
924.371	1140.93
924.584	949.31
924.797	662.77
925.011	605.46
925.224	628.74
925.437	537.41
925.65	560.69
925.864	428.17
926.077	392.35
926.29	288.48
926.503	236.54
926.716	275.94
926.929	163.12
927.142	52.08
927.355	111.18
927.568	68.2
927.781	37.76
927.994	-41.04
928.207	68.2
928.42	30.59
928.633	102.23
928.846	-28.5
929.059	61.04
929.272	1.94
929.485	104.02
929.697	0.15
929.91	10.89
930.123	-62.53
930.336	-57.16
930.549	41.34
930.761	-135.96
930.974	62.83
931.187	-35.67
931.399	82.53
931.612	-12.39
931.824	10.89
932.037	-8.81
932.249	10.89
932.462	5.52
932.675	-35.67
932.887	-15.97
933.099	-8.81
933.312	-58.95
933.524	37.76
933.737	28.8
933.949	5.52
934.161	-55.37
934.374	1.94
934.586	28.8
934.798	114.76
935.011	-23.13
935.223	118.35
935.435	125.51
935.647	57.46
935.859	172.07
936.072	87.9
936.284	202.52
936.496	181.03
936.708	118.35
936.92	0.15
937.132	10.89
937.344	64.62
937.556	32.38
937.768	55.67
937.98	35.97
938.192	52.08
938.404	28.8
938.616	-23.13
938.828	77.16
939.039	89.69
939.251	21.64
939.463	3.73
939.675	-5.22
939.887	59.25
940.098	-69.69
940.31	28.8
940.522	-12.39
940.733	-28.5
940.945	-39.25
941.157	-53.58
941.368	0.15
941.58	89.69
941.791	-85.81
942.003	9.1
942.214	-91.18
942.426	-75.07
942.637	-1.64
942.849	7.31
943.06	-28.5
943.272	-21.34
943.483	23.43
943.694	37.76
943.906	-28.5
944.117	61.04
944.328	-7.01
944.54	-96.56
944.751	-7.01
944.962	-46.41
945.173	-73.28
945.384	-60.74
945.596	-55.37
945.807	57.46
946.018	-15.97
946.229	-58.95
946.44	-55.37
946.651	-53.58
946.862	-42.83
947.073	73.57
947.284	-5.22
947.495	-53.58
947.706	16.27
947.917	129.09
948.128	25.22
948.339	-67.9
948.549	-30.3
948.76	-21.34
948.971	-24.92
949.182	44.92
949.393	44.92
949.603	-127
949.814	-53.58
950.025	-55.37
950.235	-114.47
950.446	-28.5
950.657	3.73
950.867	-105.51
951.078	3.73
951.288	-103.72
951.499	-42.83
951.709	5.52
951.92	-35.67
952.13	1.94
952.341	34.18
952.551	-96.56
952.762	-58.95
952.972	50.29
953.182	-121.63
953.393	37.76
953.603	-58.95
953.813	-69.69
954.024	-3.43
954.234	-21.34
954.444	14.48
954.654	-51.79
954.865	-103.72
955.075	-41.04
955.285	143.42
955.495	-118.05
955.705	-148.49
955.915	27.01
956.125	46.71
956.335	46.71
956.545	-134.17
956.755	132.67
956.965	-44.62
957.175	37.76
957.385	-55.37
957.595	28.8
957.805	30.59
958.015	1.94
958.224	-42.83
958.434	-10.6
958.644	-35.67
958.854	-14.18
959.064	32.38
959.273	-17.76
959.483	-91.18
959.693	-10.6
959.902	28.8
960.112	-94.77
960.322	62.83
960.531	-35.67
960.741	-23.13
960.95	43.13
961.16	-76.86
961.369	34.18
961.579	-39.25
961.788	-116.26
961.998	-14.18
962.207	64.62
962.416	-80.44
962.626	-73.28
962.835	-23.13
963.044	28.8
963.254	-24.92
963.463	-58.95
963.672	-73.28
963.881	-41.04
964.091	-103.72
964.3	-8.81
964.509	-5.22
964.718	152.37
964.927	175.65
965.136	292.06
965.345	392.35
965.554	472.94
965.763	698.59
965.972	979.75
966.181	997.66
966.39	1097.95
966.599	1110.49
966.808	1054.97
967.017	900.96
967.226	816.78
967.435	737.99
967.644	659.19
967.852	626.95
968.061	585.76
968.27	537.41
968.479	372.65
968.687	361.9
968.896	385.19
969.105	277.73
969.313	243.71
969.522	261.62
969.731	266.99
969.939	224.01
970.148	166.7
970.356	161.33
970.565	77.16
970.773	82.53
970.982	107.6
971.19	-85.81
971.399	34.18
971.607	59.25
971.815	-80.44
972.024	154.16
972.232	-64.32
972.44	-55.37
972.649	-35.67
972.857	-23.13
973.065	-84.02
973.273	3.73
973.482	50.29
973.69	0.15
973.898	-41.04
974.106	61.04
974.314	-19.55
974.522	18.06
974.73	71.78
974.938	-35.67
975.146	1.94
975.354	-21.34
975.562	59.25
975.77	-100.14
975.978	25.22
976.186	-60.74
976.394	-64.32
976.602	10.89
976.81	-3.43
977.018	1.94
977.225	95.07
977.433	50.29
977.641	27.01
977.849	-76.86
978.056	14.48
978.264	32.38
978.472	43.13
978.679	159.54
978.887	182.82
979.094	186.4
979.302	152.37
979.51	61.04
979.717	114.76
979.925	84.32
980.132	168.49
980.339	96.86
980.547	138.05
980.754	136.26
980.962	163.12
981.169	27.01
981.376	84.32
981.584	61.04
981.791	143.42
981.998	9.1
982.206	52.08
982.413	105.81
982.62	41.34
982.827	-67.9
983.034	39.55
983.242	-75.07
983.449	27.01
983.656	-101.93
983.863	184.61
984.07	-15.97
984.277	-8.81
984.484	-26.71
984.691	19.85
984.898	-62.53
985.105	-76.86
985.312	-91.18
985.519	-53.58
985.725	1.94
985.932	-35.67
986.139	25.22
986.346	0.15
986.553	9.1
986.759	-107.3
986.966	-42.83
987.173	73.57
987.38	-57.16
987.586	-17.76
987.793	3.73
988	-125.21
988.206	-67.9
988.413	-67.9
988.619	-8.81
988.826	5.52
989.032	87.9
989.239	91.48
989.445	-98.35
989.652	91.48
989.858	-105.51
990.064	78.95
990.271	-87.6
990.477	-3.43
990.684	-15.97
990.89	32.38
991.096	32.38
991.302	-62.53
991.509	-66.11
991.715	-37.46
991.921	-58.95
992.127	-76.86
992.333	-21.34
992.539	-26.71
992.746	55.67
992.952	-8.81
993.158	-82.23
993.364	-32.09
993.57	-107.3
993.776	-101.93
993.982	16.27
994.188	-19.55
994.394	-105.51
994.599	-96.56
994.805	-94.77
995.011	-50
995.217	-92.98
995.423	-17.76
995.629	-8.81
995.834	-33.88
996.04	-17.76
996.246	-96.56
996.452	52.08
996.657	87.9
996.863	-121.63
997.068	-12.39
997.274	-19.55
997.48	-7.01
997.685	-71.49
997.891	-75.07
998.096	7.31
998.302	-67.9
998.507	-28.5
998.713	39.55
998.918	-48.2
999.123	-135.96
999.329	-33.88
999.534	-39.25
999.74	-76.86
999.945	-39.25
1000.15	35.97
1000.355	-39.25
1000.561	112.97
1000.766	-24.92
1000.971	12.69
1001.176	-42.83
1001.381	23.43
1001.586	-58.95
1001.792	-94.77
1001.997	-1.64
1002.202	82.53
1002.407	-50
1002.612	5.52
1002.817	30.59
1003.022	16.27
1003.227	-62.53
1003.432	-14.18
1003.637	-1.64
1003.841	7.31
1004.046	43.13
1004.251	-96.56
1004.456	-85.81
1004.661	16.27
1004.865	-57.16
1005.07	25.22
1005.275	9.1
1005.48	-146.7
1005.684	35.97
1005.889	-28.5
1006.094	41.34
1006.298	-78.65
1006.503	-55.37
1006.707	10.89
1006.912	-14.18
1007.116	-130.58
1007.321	-14.18
1007.525	18.06
1007.73	-5.22
1007.934	-125.21
1008.139	-33.88
1008.343	-67.9
1008.547	-30.3
1008.752	-82.23
1008.956	84.32
1009.16	-17.76
1009.364	-91.18
1009.569	109.39
1009.773	5.52
1009.977	-62.53
1010.181	-55.37
1010.385	-10.6
1010.589	-10.6
1010.794	-44.62
1010.998	-46.41
1011.202	3.73
1011.406	-15.97
1011.61	-48.2
1011.814	-84.02
1012.018	-69.69
1012.222	-26.71
1012.426	-76.86
1012.629	14.48
1012.833	-71.49
1013.037	-75.07
1013.241	-121.63
1013.445	-60.74
1013.649	-75.07
1013.852	21.64
1014.056	23.43
1014.26	-17.76
1014.463	-8.81
1014.667	34.18
1014.871	-89.39
1015.074	-42.83
1015.278	-48.2
1015.482	-30.3
1015.685	-8.81
1015.889	-58.95
1016.092	-114.47
1016.296	-128.79
1016.499	-33.88
1016.703	-73.28
1016.906	-44.62
1017.109	-96.56
1017.313	-96.56
1017.516	-107.3
1017.719	12.69
1017.923	-76.86
1018.126	-44.62
1018.329	-44.62
1018.532	7.31
1018.736	-101.93
1018.939	50.29
1019.142	-5.22
1019.345	-37.46
1019.548	-107.3
1019.751	-91.18
1019.954	-10.6
1020.157	-78.65
1020.361	-26.71
1020.564	14.48
1020.766	-114.47
1020.969	145.21
1021.172	-42.83
1021.375	-50
1021.578	-42.83
1021.781	-89.39
1021.984	-100.14
1022.187	-32.09
1022.389	50.29
1022.592	0.15
1022.795	-1.64
1022.998	-60.74
1023.2	-8.81
1023.403	-107.3
1023.606	-3.43
1023.808	-1.64
1024.011	-30.3
1024.214	-1.64
1024.416	10.89
1024.619	-15.97
1024.821	-44.62
1025.024	-19.55
1025.226	-44.62
1025.429	-116.26
1025.631	-23.13
1025.833	-8.81
1026.036	18.06
1026.238	-41.04
1026.441	-58.95
1026.643	1.94
1026.845	-76.86
1027.047	-58.95
1027.25	-153.87
1027.452	44.92
1027.654	64.62
1027.856	-50
1028.058	-80.44
1028.261	-51.79
1028.463	-114.47
1028.665	18.06
1028.867	-39.25
1029.069	-37.46
1029.271	5.52
1029.473	0.15
1029.675	-1.64
1029.877	-15.97
1030.079	37.76
1030.281	-30.3
1030.482	3.73
1030.684	-48.2
1030.886	-37.46
1031.088	-107.3
1031.29	55.67
1031.491	-66.11
1031.693	-7.01
1031.895	120.14
1032.097	0.15
1032.298	-26.71
1032.5	-62.53
1032.701	43.13
1032.903	-51.79
1033.105	10.89
1033.306	25.22
1033.508	86.11
1033.709	46.71
1033.911	-12.39
1034.112	-37.46
1034.314	-73.28
1034.515	39.55
1034.716	-23.13
1034.918	-60.74
1035.119	-30.3
1035.32	-30.3
1035.522	-26.71
1035.723	23.43
1035.924	-87.6
1036.125	-15.97
1036.327	-1.64
1036.528	-28.5
1036.729	-139.54
1036.93	-55.37
1037.131	-30.3
1037.332	-26.71
1037.533	-135.96
1037.734	-62.53
1037.935	-85.81
1038.136	-15.97
1038.337	-64.32
1038.538	-50
1038.739	-60.74
1038.94	28.8
1039.141	-73.28
1039.342	-53.58
1039.543	-110.88
1039.744	-1.64
1039.944	-107.3
1040.145	44.92
1040.346	-80.44
1040.547	23.43
1040.747	-169.98
1040.948	-42.83
1041.149	-32.09
1041.349	-26.71
1041.55	-64.32
1041.75	-50
1041.951	-3.43
1042.152	-19.55
1042.352	-32.09
1042.553	-171.77
1042.753	-10.6
1042.953	-1.64
1043.154	-89.39
1043.354	-37.46
1043.555	-7.01
1043.755	-44.62
1043.955	-33.88
1044.156	-166.4
1044.356	-19.55
1044.556	-64.32
1044.756	-66.11
1044.957	-17.76
1045.157	12.69
1045.357	-64.32
1045.557	-64.32
1045.757	-80.44
1045.957	19.85
1046.157	-105.51
1046.357	-50
1046.557	-82.23
1046.757	-112.68
1046.957	-69.69
1047.157	-7.01
1047.357	-110.88
1047.557	-41.04
1047.757	-139.54
1047.957	-42.83
1048.157	3.73
1048.356	-26.71
1048.556	7.31
1048.756	-98.35
1048.956	68.2
1049.156	-15.97
1049.355	35.97
1049.555	-71.49
1049.755	-7.01
1049.954	-127
1050.154	5.52
1050.353	71.78
1050.553	118.35
1050.752	-143.12
1050.952	75.37
1051.151	27.01
1051.351	-10.6
1051.55	-76.86
1051.75	-64.32
1051.949	-30.3
1052.148	195.35
1052.348	37.76
1052.547	28.8
1052.746	-107.3
1052.946	-37.46
1053.145	-42.83
1053.344	0.15
1053.543	-28.5
1053.743	-24.92
1053.942	-76.86
1054.141	-35.67
1054.34	-110.88
1054.539	-229.08
1054.738	34.18
1054.937	0.15
1055.136	-114.47
1055.335	-19.55
1055.534	-82.23
1055.733	-69.69
1055.932	-69.69
1056.131	-69.69
