194.216	-293.55
194.484	-293.55
194.753	-293.55
195.022	-313.25
195.29	-1.64
195.559	100.44
195.827	-12.39
196.096	-60.74
196.364	19.85
196.633	-3.43
196.901	-85.81
197.17	27.01
197.438	-51.79
197.706	89.69
197.975	-12.39
198.243	-10.6
198.512	0.15
198.78	136.26
199.048	138.05
199.317	188.19
199.585	270.57
199.853	347.58
200.122	179.24
200.39	277.73
200.658	130.88
200.926	189.98
201.195	331.46
201.463	43.13
201.731	172.07
201.999	245.5
202.267	256.24
202.536	206.1
202.804	225.8
203.072	150.58
203.34	259.83
203.608	197.14
203.876	154.16
204.144	152.37
204.412	111.18
204.68	159.54
204.948	220.43
205.216	173.86
205.484	206.1
205.752	163.12
206.02	66.41
206.288	179.24
206.556	134.46
206.824	232.96
207.092	132.67
207.36	288.48
207.628	218.64
207.896	200.73
208.164	241.92
208.431	327.88
208.699	227.59
208.967	155.95
209.235	290.27
209.503	229.38
209.77	104.02
210.038	164.91
210.306	186.4
210.573	284.9
210.841	168.49
211.109	263.41
211.377	204.31
211.644	193.56
211.912	136.26
212.179	220.43
212.447	14.48
212.715	163.12
212.982	275.94
213.25	304.6
213.517	136.26
213.785	283.11
214.052	161.33
214.32	195.35
214.587	191.77
214.855	172.07
215.122	102.23
215.39	241.92
215.657	152.37
215.925	139.84
216.192	136.26
216.459	188.19
216.727	175.65
216.994	170.28
217.261	116.56
217.529	232.96
217.796	249.08
218.063	259.83
218.331	215.05
218.598	191.77
218.865	166.7
219.132	204.31
219.399	170.28
219.667	258.03
219.934	186.4
220.201	188.19
220.468	130.88
220.735	254.45
221.002	250.87
221.27	121.93
221.537	245.5
221.804	249.08
222.071	91.48
222.338	279.52
222.605	215.05
222.872	184.61
223.139	207.89
223.406	164.91
223.673	222.22
223.94	236.54
224.207	318.92
224.474	258.03
224.741	150.58
225.007	161.33
225.274	150.58
225.541	152.37
225.808	82.53
226.075	268.78
226.342	209.68
226.609	139.84
226.875	95.07
227.142	274.15
227.409	112.97
227.676	292.06
227.942	234.75
228.209	116.56
228.476	134.46
228.742	93.27
229.009	129.09
229.276	236.54
229.542	155.95
229.809	186.4
230.076	147
230.342	157.75
230.609	222.22
230.875	200.73
231.142	222.22
231.408	252.66
231.675	186.4
231.941	204.31
232.208	236.54
232.474	272.36
232.741	163.12
233.007	200.73
233.274	295.64
233.54	218.64
233.807	68.2
234.073	182.82
234.339	229.38
234.606	198.94
234.872	281.32
235.138	127.3
235.405	134.46
235.671	157.75
235.937	204.31
236.203	163.12
236.47	229.38
236.736	182.82
237.002	129.09
237.268	195.35
237.535	265.2
237.801	218.64
238.067	216.84
238.333	286.69
238.599	181.03
238.865	164.91
239.131	152.37
239.397	259.83
239.663	82.53
239.929	191.77
240.195	139.84
240.462	181.03
240.728	220.43
240.993	191.77
241.259	250.87
241.525	331.46
241.791	145.21
242.057	215.05
242.323	129.09
242.589	136.26
242.855	213.26
243.121	195.35
243.387	154.16
243.652	197.14
243.918	164.91
244.184	93.27
244.45	69.99
244.716	281.32
244.981	130.88
245.247	150.58
245.513	125.51
245.779	232.96
246.044	163.12
246.31	292.06
246.576	207.89
246.841	295.64
247.107	159.54
247.373	104.02
247.638	397.72
247.904	358.32
248.169	159.54
248.435	66.41
248.7	105.81
248.966	216.84
249.231	104.02
249.497	202.52
249.762	238.33
250.028	232.96
250.293	130.88
250.559	166.7
250.824	102.23
251.09	356.53
251.355	234.75
251.62	256.24
251.886	155.95
252.151	216.84
252.416	189.98
252.682	197.14
252.947	211.47
253.212	182.82
253.477	177.45
253.743	324.3
254.008	227.59
254.273	170.28
254.538	270.57
254.804	129.09
255.069	349.37
255.334	147
255.599	150.58
255.864	258.03
256.129	215.05
256.394	179.24
256.659	105.81
256.925	218.64
257.19	147
257.455	204.31
257.72	157.75
257.985	275.94
258.25	224.01
258.515	188.19
258.78	141.63
259.044	129.09
259.309	173.86
259.574	191.77
259.839	281.32
260.104	207.89
260.369	96.86
260.634	112.97
260.899	293.85
261.163	166.7
261.428	136.26
261.693	155.95
261.958	139.84
262.223	86.11
262.487	148.79
262.752	218.64
263.017	211.47
263.281	288.48
263.546	161.33
263.811	150.58
264.075	191.77
264.34	109.39
264.605	216.84
264.869	395.93
265.134	121.93
265.398	0.15
265.663	109.39
265.927	302.81
266.192	173.86
266.457	125.51
266.721	157.75
266.985	256.24
267.25	198.94
267.514	120.14
267.779	141.63
268.043	222.22
268.308	200.73
268.572	186.4
268.836	225.8
269.101	218.64
269.365	164.91
269.629	254.45
269.894	189.98
270.158	241.92
270.422	130.88
270.687	161.33
270.951	209.68
271.215	245.5
271.479	179.24
271.743	102.23
272.008	66.41
272.272	177.45
272.536	166.7
272.8	218.64
273.064	152.37
273.328	155.95
273.592	179.24
273.856	263.41
274.12	155.95
274.385	105.81
274.649	61.04
274.913	268.78
275.177	121.93
275.441	172.07
275.704	207.89
275.968	320.71
276.232	213.26
276.496	172.07
276.76	182.82
277.024	179.24
277.288	139.84
277.552	114.76
277.816	129.09
278.079	270.57
278.343	243.71
278.607	234.75
278.871	197.14
279.135	197.14
279.398	147
279.662	125.51
279.926	107.6
280.189	220.43
280.453	173.86
280.717	181.03
280.98	277.73
281.244	125.51
281.508	168.49
281.771	163.12
282.035	163.12
282.298	293.85
282.562	252.66
282.826	256.24
283.089	132.67
283.353	268.78
283.616	172.07
283.88	209.68
284.143	215.05
284.407	177.45
284.67	109.39
284.933	318.92
285.197	123.72
285.46	172.07
285.724	175.65
285.987	259.83
286.25	249.08
286.514	224.01
286.777	78.95
287.04	206.1
287.303	155.95
287.567	172.07
287.83	195.35
288.093	297.43
288.356	104.02
288.62	186.4
288.883	154.16
289.146	198.94
289.409	98.65
289.672	120.14
289.935	218.64
290.198	213.26
290.461	157.75
290.725	197.14
290.988	53.88
291.251	102.23
291.514	64.62
291.777	243.71
292.04	127.3
292.303	198.94
292.566	138.05
292.829	222.22
293.091	347.58
293.354	250.87
293.617	218.64
293.88	95.07
294.143	75.37
294.406	116.56
294.669	121.93
294.932	109.39
295.194	155.95
295.457	188.19
295.72	152.37
295.983	250.87
296.245	120.14
296.508	93.27
296.771	209.68
297.034	266.99
297.296	125.51
297.559	182.82
297.822	182.82
298.084	263.41
298.347	123.72
298.609	220.43
298.872	95.07
299.135	138.05
299.397	161.33
299.66	127.3
299.922	225.8
300.185	112.97
300.447	87.9
300.71	213.26
300.972	218.64
301.235	116.56
301.497	86.11
301.759	98.65
302.022	254.45
302.284	173.86
302.546	345.79
302.809	168.49
303.071	225.8
303.333	112.97
303.596	177.45
303.858	209.68
304.12	148.79
304.383	145.21
304.645	89.69
304.907	222.22
305.169	159.54
305.431	268.78
305.694	148.79
305.956	216.84
306.218	118.35
306.48	159.54
306.742	109.39
307.004	129.09
307.266	277.73
307.528	266.99
307.79	227.59
308.052	195.35
308.314	111.18
308.576	136.26
308.838	198.94
309.1	125.51
309.362	116.56
309.624	177.45
309.886	164.91
310.148	125.51
310.41	277.73
310.672	170.28
310.934	215.05
311.196	179.24
311.457	127.3
311.719	200.73
311.981	136.26
312.243	268.78
312.504	107.6
312.766	247.29
313.028	225.8
313.29	164.91
313.551	120.14
313.813	118.35
314.075	198.94
314.336	277.73
314.598	189.98
314.86	143.42
315.121	116.56
315.383	143.42
315.644	168.49
315.906	148.79
316.167	322.51
316.429	141.63
316.69	139.84
316.952	91.48
317.213	100.44
317.475	293.85
317.736	222.22
317.998	95.07
318.259	157.75
318.521	111.18
318.782	200.73
319.043	193.56
319.305	123.72
319.566	351.16
319.827	234.75
320.089	35.97
320.35	172.07
320.611	249.08
320.872	132.67
321.134	39.55
321.395	168.49
321.656	168.49
321.917	143.42
322.178	95.07
322.44	152.37
322.701	141.63
322.962	105.81
323.223	161.33
323.484	155.95
323.745	145.21
324.006	172.07
324.267	139.84
324.528	202.52
324.789	150.58
325.05	105.81
325.311	121.93
325.572	249.08
325.833	102.23
326.094	200.73
326.355	215.05
326.616	104.02
326.877	283.11
327.138	188.19
327.398	279.52
327.659	261.62
327.92	170.28
328.181	112.97
328.442	363.7
328.702	283.11
328.963	234.75
329.224	236.54
329.485	225.8
329.745	168.49
330.006	173.86
330.267	301.01
330.527	301.01
330.788	224.01
331.049	173.86
331.309	177.45
331.57	261.62
331.83	229.38
332.091	184.61
332.351	177.45
332.612	326.09
332.873	395.93
333.133	240.13
333.393	286.69
333.654	318.92
333.914	392.35
334.175	381.6
334.435	345.79
334.696	272.36
334.956	241.92
335.216	351.16
335.477	352.95
335.737	395.93
335.997	390.56
336.258	383.39
336.518	422.79
336.778	496.22
337.038	299.22
337.299	356.53
337.559	467.57
337.819	437.12
338.079	317.13
338.34	254.45
338.6	275.94
338.86	360.11
339.12	383.39
339.38	492.64
339.64	367.28
339.9	553.53
340.16	528.46
340.42	521.29
340.68	455.03
340.94	453.24
341.2	503.38
341.46	455.03
341.72	462.19
341.98	485.47
342.24	481.89
342.5	521.29
342.76	374.44
343.02	635.91
343.28	494.43
343.54	635.91
343.799	540.99
344.059	492.64
344.319	548.15
344.579	809.62
344.839	644.86
345.098	603.67
345.358	616.21
345.618	514.13
345.878	587.55
346.137	727.24
346.397	650.23
346.657	705.75
346.916	641.28
347.176	723.66
347.435	700.38
347.695	748.73
347.955	607.25
348.214	825.74
348.474	705.75
348.733	720.08
348.993	757.69
349.252	820.37
349.512	1019.15
349.771	714.71
350.031	768.43
350.29	720.08
350.549	829.32
350.809	908.12
351.068	816.78
351.328	893.79
351.587	904.54
351.846	777.39
352.106	859.77
352.365	884.84
352.624	960.05
352.883	893.79
353.143	832.9
353.402	1110.49
353.661	886.63
353.92	1092.58
354.179	1067.51
354.439	1004.83
354.698	942.15
354.957	1096.16
355.216	994.08
355.475	1024.53
355.734	951.1
355.993	1137.35
356.252	1046.02
356.511	1185.7
356.77	1078.25
357.029	1196.45
357.288	1121.23
357.547	1200.03
357.806	1180.33
358.065	1273.46
358.324	1171.38
358.583	1330.76
358.842	1144.51
359.101	1268.08
359.36	1253.76
359.619	1216.15
359.877	1311.06
360.136	1393.44
360.395	1203.61
360.654	1311.06
360.913	1300.32
361.171	1336.14
361.43	1259.13
361.689	1375.54
361.947	1404.19
362.206	1448.96
362.465	1506.27
362.723	1382.7
362.982	1375.54
363.241	1354.04
363.499	1474.03
363.758	1391.65
364.016	1454.33
364.275	1447.17
364.533	1490.15
364.792	1479.41
365.05	1502.69
365.309	1533.13
365.567	1518.8
365.826	1629.84
366.084	1524.18
366.343	1576.11
366.601	1568.95
366.86	1665.66
367.118	1624.47
367.376	1551.04
367.635	1551.04
367.893	1558.2
368.151	1577.9
368.409	1705.05
368.668	1635.21
368.926	1642.37
369.184	1531.34
369.442	1649.54
369.701	1697.89
369.959	1717.59
370.217	1656.7
370.475	1744.45
370.733	1846.53
370.991	1826.83
371.25	1730.13
371.508	1821.46
371.766	1760.57
372.024	1812.51
372.282	1873.4
372.54	1971.89
372.798	1882.35
373.056	1937.87
373.314	2013.08
373.572	2122.33
373.83	1982.64
374.088	1973.69
374.345	2211.87
374.603	2113.37
374.861	2140.24
375.119	2041.74
375.377	2108
375.635	2170.68
375.893	2142.03
376.15	2224.41
376.408	2156.35
376.666	2215.45
376.924	2227.99
377.181	2224.41
377.439	2190.38
377.697	2317.53
377.954	2355.14
378.212	2274.55
378.47	2312.16
378.727	2392.75
378.985	2322.9
379.243	2417.82
379.5	2287.09
379.758	2518.11
380.015	2410.66
380.273	2398.12
380.53	2501.99
380.788	2577.21
381.045	2587.95
381.303	2527.06
381.56	2385.58
381.818	2562.88
382.075	2543.18
382.332	2537.81
382.59	2518.11
382.847	2661.38
383.105	2733.01
383.362	2668.54
383.619	2559.3
383.876	2724.06
384.134	2731.22
384.391	2591.53
384.648	2648.84
384.905	2688.24
385.163	2724.06
385.42	2806.44
385.677	2793.9
385.934	2840.46
386.191	2799.27
386.449	2824.35
386.706	2790.32
386.963	2826.14
387.22	2878.07
387.477	2854.79
387.734	2863.75
387.991	3053.58
388.248	2960.45
388.505	2976.57
388.762	3028.51
389.019	2922.84
389.276	3057.16
389.533	2928.22
389.79	2971.2
390.047	3062.53
390.304	3055.37
390.56	2944.34
390.817	3019.55
391.074	2894.19
391.331	3010.6
391.588	3071.49
391.844	3080.44
392.101	3067.91
392.358	2908.52
392.615	3082.23
392.871	3084.02
393.128	3008.81
393.385	3060.74
393.641	3069.7
393.898	3007.02
394.155	3010.6
394.411	2990.9
394.668	3089.4
394.925	3046.41
395.181	3023.13
395.438	3028.51
395.694	3089.4
395.951	3032.09
396.207	3150.28
396.464	3101.93
396.72	3033.88
396.977	3089.4
397.233	3053.58
397.489	2930.01
397.746	3223.71
398.002	3014.18
398.259	3096.56
398.515	3021.34
398.771	3166.4
399.028	3008.81
399.284	3087.6
399.54	3035.67
399.796	3295.35
400.053	2965.83
400.309	2983.73
400.565	3152.08
400.821	2933.59
401.078	3005.22
401.334	3073.28
401.59	3082.23
401.846	3144.91
402.102	3039.25
402.358	3128.79
402.614	2955.08
402.87	3125.21
403.126	3048.21
403.382	3161.03
403.638	3055.37
403.894	3046.41
404.15	3092.98
404.406	3071.49
404.662	2996.27
404.918	2985.53
405.174	2971.2
405.43	3073.28
405.686	2922.84
405.942	3067.91
406.198	2944.34
406.454	3127
406.709	3001.64
406.965	3066.11
407.221	2734.8
407.477	2847.63
407.732	2838.67
407.988	2797.48
408.244	3005.22
408.5	2772.41
408.755	2810.02
409.011	2870.91
409.267	2820.77
409.522	2842.26
409.778	2690.03
410.033	2853
410.289	2736.59
410.545	2693.61
410.8	2629.14
411.056	2673.91
411.311	2856.58
411.567	2725.85
411.822	2607.65
412.078	2639.89
412.333	2580.79
412.588	2579
412.844	2487.66
413.099	2632.72
413.355	2473.34
413.61	2516.32
413.865	2514.53
414.121	2423.19
414.376	2369.47
414.631	2373.05
414.887	2448.26
415.142	2596.91
415.397	2408.87
415.652	2432.15
415.907	2312.16
416.163	2396.33
416.418	2387.38
416.673	2423.19
416.928	2197.54
417.183	2195.75
417.438	2115.16
417.693	2208.29
417.949	2032.78
418.204	2041.74
418.459	2061.44
418.714	2075.76
418.969	2029.2
419.224	2077.56
419.479	1945.03
419.734	1984.43
419.989	1995.18
420.243	2007.71
420.498	1945.03
420.753	2086.51
421.008	1919.96
421.263	1943.24
421.518	1778.48
421.773	1853.7
422.027	1882.35
422.282	1952.19
422.537	1799.97
422.792	1760.57
423.047	1805.34
423.301	1715.8
423.556	1706.85
423.811	1893.1
424.065	1694.31
424.32	1676.4
424.575	1850.12
424.829	1739.08
425.084	1742.66
425.338	1556.41
425.593	1637
425.848	1710.43
426.102	1672.82
426.357	1531.34
426.611	1484.78
426.866	1674.61
427.12	1454.33
427.374	1552.83
427.629	1515.22
427.883	1588.65
428.138	1637
428.392	1382.7
428.646	1443.59
428.901	1502.69
429.155	1429.26
429.409	1491.94
429.664	1518.8
429.918	1477.61
430.172	1490.15
430.427	1334.35
430.681	1327.18
430.935	1282.41
431.189	1384.49
431.443	1450.75
431.698	1380.91
431.952	1241.22
432.206	1200.03
432.46	1384.49
432.714	1302.11
432.968	1300.32
433.222	1334.35
433.476	1459.71
433.73	1284.2
433.984	1379.12
434.238	1212.57
434.492	1226.89
434.746	1207.19
435	1294.95
435.254	1130.19
435.508	1337.93
435.762	1226.89
436.016	1262.71
436.27	1196.45
436.523	1239.43
436.777	1196.45
437.031	1187.49
437.285	1302.11
437.539	1210.78
437.792	1217.94
438.046	1200.03
438.3	1092.58
438.553	1346.88
438.807	1153.47
439.061	1110.49
439.314	1173.17
439.568	1223.31
439.822	1278.83
440.075	1174.96
440.329	1239.43
440.582	1135.56
440.836	1178.54
441.09	1090.79
441.343	1243.01
441.597	1085.41
441.85	1287.78
442.103	1205.4
442.357	1011.99
442.61	1101.53
442.864	1051.39
443.117	1010.2
443.371	1044.22
443.624	1226.89
443.877	1085.41
444.131	1074.67
444.384	1063.92
444.637	977.96
444.89	1266.29
445.144	1108.7
445.397	970.8
445.65	1072.88
445.903	972.59
446.157	974.38
446.41	1013.78
446.663	1019.15
446.916	1017.36
447.169	1089
447.422	970.8
447.675	1044.22
447.928	1029.9
448.181	1196.45
448.435	1063.92
448.688	983.34
448.941	945.73
449.194	1071.09
449.446	963.64
449.699	1029.9
449.952	893.79
450.205	981.54
450.458	908.12
450.711	990.5
450.964	924.24
451.217	1089
451.47	917.07
451.722	942.15
451.975	954.68
452.228	956.47
452.481	1010.2
452.733	949.31
452.986	915.28
453.239	1108.7
453.492	1015.57
453.744	1035.27
453.997	1148.1
454.25	956.47
454.502	974.38
454.755	988.71
455.007	972.59
455.26	1101.53
455.513	1004.83
455.765	877.67
456.018	945.73
456.27	1020.94
456.523	960.05
456.775	936.77
457.028	969.01
457.28	1063.92
457.532	926.03
457.785	1020.94
458.037	934.98
458.29	1001.24
458.542	854.39
458.794	900.96
459.047	1090.79
459.299	961.85
459.551	1006.62
459.803	933.19
460.056	1078.25
460.308	1004.83
460.56	983.34
460.812	958.26
461.064	947.52
461.317	918.86
461.569	943.94
461.821	886.63
462.073	899.16
462.325	1058.55
462.577	958.26
462.829	920.66
463.081	1042.43
463.333	994.08
463.585	902.75
463.837	877.67
464.089	936.77
464.341	854.39
464.593	841.86
464.845	909.91
465.097	897.37
465.349	809.62
465.601	886.63
465.852	829.32
466.104	816.78
466.356	768.43
466.608	924.24
466.86	838.28
467.111	795.29
467.363	870.51
467.615	714.71
467.867	852.6
468.118	702.17
468.37	852.6
468.622	689.63
468.873	623.37
469.125	741.57
469.376	895.58
469.628	745.15
469.88	689.63
470.131	795.29
470.383	736.2
470.634	802.46
470.886	791.71
471.137	764.85
471.389	598.3
471.64	766.64
471.892	705.75
472.143	585.76
472.394	666.35
472.646	660.98
472.897	619.79
473.148	714.71
473.4	573.23
473.651	677.1
473.902	650.23
474.154	682.47
474.405	644.86
474.656	684.26
474.907	589.34
475.159	609.04
475.41	564.27
475.661	523.08
475.912	621.58
476.163	524.87
476.414	519.5
476.665	580.39
476.917	512.34
477.168	526.66
477.419	532.04
477.67	539.2
477.921	601.88
478.172	478.31
478.423	582.18
478.674	571.44
478.925	553.53
479.176	587.55
479.426	609.04
479.677	524.87
479.928	469.36
480.179	474.73
480.43	644.86
480.681	515.92
480.932	481.89
481.182	474.73
481.433	492.64
481.684	440.7
481.935	476.52
482.185	421
482.436	421
482.687	480.1
482.937	410.26
483.188	514.13
483.439	533.83
483.689	462.19
483.94	444.28
484.19	356.53
484.441	462.19
484.692	438.91
484.942	342.2
485.193	222.22
485.443	505.17
485.694	331.46
485.944	381.6
486.194	340.41
486.445	358.32
486.695	352.95
486.946	363.7
487.196	428.17
487.446	363.7
487.697	386.98
487.947	302.81
488.197	225.8
488.448	268.78
488.698	301.01
488.948	369.07
489.198	313.55
489.449	378.02
489.699	274.15
489.949	229.38
490.199	345.79
490.449	451.45
490.699	268.78
490.949	335.04
491.2	268.78
491.45	231.17
491.7	279.52
491.95	130.88
492.2	200.73
492.45	331.46
492.7	299.22
492.95	347.58
493.2	213.26
493.45	261.62
493.699	231.17
493.949	225.8
494.199	138.05
494.449	250.87
494.699	195.35
494.949	299.22
495.199	370.86
495.448	313.55
495.698	225.8
495.948	245.5
496.198	197.14
496.447	211.47
496.697	268.78
496.947	234.75
497.196	349.37
497.446	277.73
497.696	195.35
497.945	123.72
498.195	225.8
498.444	225.8
498.694	75.37
498.944	166.7
499.193	191.77
499.443	202.52
499.692	170.28
499.942	166.7
500.191	220.43
500.44	247.29
500.69	134.46
500.939	211.47
501.189	188.19
501.438	261.62
501.687	123.72
501.937	179.24
502.186	98.65
502.435	138.05
502.685	145.21
502.934	123.72
503.183	147
503.432	254.45
503.682	130.88
503.931	141.63
504.18	184.61
504.429	177.45
504.678	173.86
504.927	163.12
505.176	125.51
505.426	232.96
505.675	82.53
505.924	95.07
506.173	125.51
506.422	159.54
506.671	69.99
506.92	224.01
507.169	155.95
507.418	159.54
507.667	159.54
507.915	164.91
508.164	44.92
508.413	25.22
508.662	155.95
508.911	98.65
509.16	35.97
509.408	130.88
509.657	123.72
509.906	175.65
510.155	111.18
510.404	200.73
510.652	59.25
510.901	112.97
511.15	130.88
511.398	91.48
511.647	114.76
511.896	134.46
512.144	161.33
512.393	155.95
512.641	82.53
512.89	147
513.138	114.76
513.387	170.28
513.635	71.78
513.884	198.94
514.132	69.99
514.381	39.55
514.629	61.04
514.878	96.86
515.126	61.04
515.374	104.02
515.623	112.97
515.871	152.37
516.119	-1.64
516.368	173.86
516.616	1.94
516.864	53.88
517.113	141.63
517.361	104.02
517.609	66.41
517.857	91.48
518.105	123.72
518.354	78.95
518.602	12.69
518.85	195.35
519.098	168.49
519.346	220.43
519.594	-7.01
519.842	104.02
520.09	66.41
520.338	209.68
520.586	64.62
520.834	50.29
521.082	181.03
521.33	91.48
521.578	123.72
521.826	168.49
522.074	7.31
522.322	145.21
522.57	132.67
522.817	69.99
523.065	112.97
523.313	222.22
523.561	48.5
523.809	130.88
524.056	93.27
524.304	78.95
524.552	46.71
524.8	78.95
525.047	116.56
525.295	315.34
525.543	18.06
525.79	188.19
526.038	154.16
526.285	102.23
526.533	136.26
526.781	120.14
527.028	37.76
527.276	163.12
527.523	27.01
527.771	143.42
528.018	78.95
528.266	155.95
528.513	125.51
528.76	10.89
529.008	143.42
529.255	75.37
529.502	93.27
529.75	34.18
529.997	256.24
530.244	150.58
530.492	138.05
530.739	104.02
530.986	161.33
531.234	150.58
531.481	61.04
531.728	98.65
531.975	-5.22
532.222	16.27
532.469	121.93
532.717	227.59
532.964	57.46
533.211	123.72
533.458	84.32
533.705	64.62
533.952	96.86
534.199	68.2
534.446	163.12
534.693	157.75
534.94	154.16
535.187	84.32
535.434	102.23
535.681	193.56
535.928	132.67
536.174	159.54
536.421	154.16
536.668	159.54
536.915	100.44
537.162	52.08
537.409	87.9
537.655	112.97
537.902	69.99
538.149	197.14
538.396	30.59
538.642	216.84
538.889	57.46
539.136	86.11
539.382	62.83
539.629	80.74
539.875	5.52
540.122	182.82
540.369	64.62
540.615	93.27
540.862	130.88
541.108	25.22
541.355	216.84
541.601	93.27
541.848	89.69
542.094	62.83
542.341	37.76
542.587	148.79
542.833	50.29
543.08	112.97
543.326	104.02
543.572	48.5
543.819	290.27
544.065	225.8
544.311	132.67
544.558	66.41
544.804	197.14
545.05	202.52
545.296	163.12
545.542	173.86
545.789	152.37
546.035	170.28
546.281	19.85
546.527	132.67
546.773	102.23
547.019	95.07
547.265	107.6
547.511	89.69
547.757	231.17
548.003	87.9
548.249	120.14
548.495	125.51
548.741	173.86
548.987	163.12
549.233	66.41
549.479	86.11
549.725	95.07
549.971	191.77
550.217	100.44
550.463	184.61
550.708	161.33
550.954	19.85
551.2	136.26
551.446	86.11
551.691	139.84
551.937	141.63
552.183	204.31
552.429	161.33
552.674	82.53
552.92	155.95
553.165	121.93
553.411	116.56
553.657	87.9
553.902	91.48
554.148	172.07
554.393	86.11
554.639	163.12
554.884	123.72
555.13	61.04
555.375	254.45
555.621	150.58
555.866	61.04
556.112	188.19
556.357	-23.13
556.602	77.16
556.848	182.82
557.093	37.76
557.338	141.63
557.584	-3.43
557.829	143.42
558.074	30.59
558.32	130.88
558.565	168.49
558.81	48.5
559.055	96.86
559.3	98.65
559.546	44.92
559.791	-33.88
560.036	136.26
560.281	1.94
560.526	18.06
560.771	152.37
561.016	59.25
561.261	121.93
561.506	170.28
561.751	55.67
561.996	102.23
562.241	34.18
562.486	111.18
562.731	114.76
562.976	86.11
563.221	138.05
563.466	61.04
563.71	48.5
563.955	-46.41
564.2	-10.6
564.445	105.81
564.69	166.7
564.934	53.88
565.179	141.63
565.424	155.95
565.669	150.58
565.913	77.16
566.158	59.25
566.403	57.46
566.647	18.06
566.892	82.53
567.136	18.06
567.381	159.54
567.626	164.91
567.87	52.08
568.115	152.37
568.359	220.43
568.604	206.1
568.848	154.16
569.093	134.46
569.337	62.83
569.581	286.69
569.826	107.6
570.07	184.61
570.315	64.62
570.559	71.78
570.803	-10.6
571.048	125.51
571.292	93.27
571.536	189.98
571.78	93.27
572.025	295.64
572.269	91.48
572.513	125.51
572.757	69.99
573.001	75.37
573.245	127.3
573.49	179.24
573.734	141.63
573.978	161.33
574.222	-8.81
574.466	114.76
574.71	64.62
574.954	118.35
575.198	84.32
575.442	21.64
575.686	21.64
575.93	114.76
576.174	87.9
576.418	197.14
576.661	107.6
576.905	114.76
577.149	132.67
577.393	87.9
577.637	37.76
577.881	175.65
578.124	132.67
578.368	80.74
578.612	138.05
578.856	120.14
579.099	166.7
579.343	195.35
579.587	120.14
579.83	98.65
580.074	39.55
580.318	159.54
580.561	62.83
580.805	114.76
581.048	175.65
581.292	62.83
581.535	152.37
581.779	39.55
582.022	114.76
582.266	102.23
582.509	86.11
582.753	123.72
582.996	52.08
583.239	164.91
583.483	112.97
583.726	71.78
583.969	91.48
584.213	59.25
584.456	86.11
584.699	222.22
584.943	-28.5
585.186	82.53
585.429	55.67
585.672	32.38
585.915	164.91
586.159	25.22
586.402	62.83
586.645	121.93
586.888	116.56
587.131	14.48
587.374	55.67
587.617	107.6
587.86	111.18
588.103	-12.39
588.346	93.27
588.589	172.07
588.832	104.02
589.075	37.76
589.318	19.85
589.561	46.71
589.804	78.95
590.047	98.65
590.29	138.05
590.532	3.73
590.775	141.63
591.018	147
591.261	168.49
591.504	1.94
591.746	130.88
591.989	50.29
592.232	-30.3
592.474	163.12
592.717	98.65
592.96	59.25
593.202	32.38
593.445	147
593.688	129.09
593.93	218.64
594.173	141.63
594.415	123.72
594.658	55.67
594.9	93.27
595.143	23.43
595.385	129.09
595.628	69.99
595.87	211.47
596.112	136.26
596.355	84.32
596.597	107.6
596.84	111.18
597.082	84.32
597.324	111.18
597.567	147
597.809	39.55
598.051	112.97
598.293	111.18
598.536	102.23
598.778	95.07
599.02	23.43
599.262	136.26
599.504	16.27
599.746	145.21
599.988	173.86
600.231	105.81
600.473	28.8
600.715	5.52
600.957	12.69
601.199	84.32
601.441	236.54
601.683	0.15
601.925	154.16
602.167	-17.76
602.409	100.44
602.65	161.33
602.892	57.46
603.134	59.25
603.376	166.7
603.618	93.27
603.86	155.95
604.101	82.53
604.343	112.97
604.585	173.86
604.827	21.64
605.068	93.27
605.31	73.57
605.552	197.14
605.794	138.05
606.035	132.67
606.277	50.29
606.518	141.63
606.76	112.97
607.002	120.14
607.243	16.27
607.485	204.31
607.726	136.26
607.968	114.76
608.209	118.35
608.451	245.5
608.692	134.46
608.933	215.05
609.175	82.53
609.416	141.63
609.658	105.81
609.899	132.67
610.14	147
610.382	184.61
610.623	229.38
610.864	61.04
611.105	130.88
611.347	141.63
611.588	-17.76
611.829	82.53
612.07	9.1
612.311	34.18
612.553	61.04
612.794	52.08
613.035	206.1
613.276	80.74
613.517	107.6
613.758	209.68
613.999	84.32
614.24	147
614.481	120.14
614.722	129.09
614.963	177.45
615.204	129.09
615.445	9.1
615.686	57.46
615.927	175.65
616.167	172.07
616.408	139.84
616.649	105.81
616.89	121.93
617.131	155.95
617.372	68.2
617.612	109.39
617.853	14.48
618.094	150.58
618.334	129.09
618.575	48.5
618.816	95.07
619.056	82.53
619.297	147
619.538	125.51
619.778	139.84
620.019	55.67
620.259	80.74
620.5	62.83
620.74	109.39
620.981	148.79
621.221	39.55
621.462	188.19
621.702	39.55
621.943	166.7
622.183	57.46
622.423	66.41
622.664	23.43
622.904	195.35
623.144	112.97
623.385	96.86
623.625	166.7
623.865	55.67
624.105	231.17
624.346	53.88
624.586	-12.39
624.826	48.5
625.066	179.24
625.306	80.74
625.546	105.81
625.787	145.21
626.027	111.18
626.267	182.82
626.507	116.56
626.747	100.44
626.987	37.76
627.227	141.63
627.467	52.08
627.707	120.14
627.947	-64.32
628.187	59.25
628.427	132.67
628.666	191.77
628.906	50.29
629.146	114.76
629.386	48.5
629.626	105.81
629.866	39.55
630.105	68.2
630.345	275.94
630.585	172.07
630.825	107.6
631.064	152.37
631.304	69.99
631.544	80.74
631.783	28.8
632.023	189.98
632.262	55.67
632.502	82.53
632.742	73.57
632.981	53.88
633.221	170.28
633.46	207.89
633.7	166.7
633.939	127.3
634.179	95.07
634.418	111.18
634.657	78.95
634.897	12.69
635.136	204.31
635.376	123.72
635.615	116.56
635.854	147
636.094	46.71
636.333	155.95
636.572	34.18
636.811	66.41
637.051	173.86
637.29	30.59
637.529	82.53
637.768	132.67
638.007	141.63
638.246	109.39
638.486	95.07
638.725	145.21
638.964	98.65
639.203	258.03
639.442	-5.22
639.681	206.1
639.92	141.63
640.159	-3.43
640.398	21.64
640.637	195.35
640.876	204.31
641.114	-21.34
641.353	69.99
641.592	39.55
641.831	80.74
642.07	141.63
642.309	197.14
642.548	147
642.786	177.45
643.025	220.43
643.264	175.65
643.502	227.59
643.741	127.3
643.98	104.02
644.219	61.04
644.457	87.9
644.696	57.46
644.934	136.26
645.173	155.95
645.412	127.3
645.65	84.32
645.889	104.02
646.127	107.6
646.366	207.89
646.604	290.27
646.842	172.07
647.081	123.72
647.319	78.95
647.558	21.64
647.796	48.5
648.034	121.93
648.273	216.84
648.511	107.6
648.749	93.27
648.988	100.44
649.226	172.07
649.464	59.25
649.702	139.84
649.941	89.69
650.179	104.02
650.417	118.35
650.655	41.34
650.893	141.63
651.131	152.37
651.369	148.79
651.607	120.14
651.845	28.8
652.083	-14.18
652.321	145.21
652.559	104.02
652.797	86.11
653.035	89.69
653.273	129.09
653.511	216.84
653.749	141.63
653.987	107.6
654.225	209.68
654.463	-7.01
654.701	95.07
654.938	161.33
655.176	139.84
655.414	12.69
655.652	150.58
655.889	109.39
656.127	30.59
656.365	84.32
656.602	50.29
656.84	121.93
657.078	116.56
657.315	120.14
657.553	25.22
657.79	46.71
658.028	121.93
658.266	62.83
658.503	111.18
658.741	95.07
658.978	66.41
659.215	121.93
659.453	136.26
659.69	249.08
659.928	188.19
660.165	55.67
660.402	68.2
660.64	104.02
660.877	53.88
661.114	112.97
661.352	139.84
661.589	163.12
661.826	87.9
662.063	123.72
662.301	111.18
662.538	69.99
662.775	125.51
663.012	105.81
663.249	34.18
663.486	37.76
663.723	100.44
663.961	209.68
664.198	139.84
664.435	232.96
664.672	152.37
664.909	89.69
665.146	44.92
665.383	148.79
665.619	73.57
665.856	69.99
666.093	59.25
666.33	116.56
666.567	157.75
666.804	87.9
667.041	82.53
667.278	141.63
667.514	59.25
667.751	104.02
667.988	184.61
668.225	173.86
668.461	78.95
668.698	77.16
668.935	77.16
669.171	197.14
669.408	62.83
669.644	89.69
669.881	78.95
670.118	121.93
670.354	120.14
670.591	96.86
670.827	41.34
671.064	168.49
671.3	96.86
671.537	179.24
671.773	77.16
672.01	164.91
672.246	234.75
672.482	84.32
672.719	222.22
672.955	193.56
673.191	121.93
673.428	236.54
673.664	118.35
673.9	193.56
674.136	111.18
674.373	189.98
674.609	35.97
674.845	202.52
675.081	61.04
675.317	127.3
675.553	109.39
675.79	247.29
676.026	112.97
676.262	166.7
676.498	107.6
676.734	206.1
676.97	95.07
677.206	197.14
677.442	163.12
677.678	265.2
677.914	258.03
678.15	105.81
678.386	213.26
678.621	215.05
678.857	261.62
679.093	107.6
679.329	189.98
679.565	229.38
679.8	193.56
680.036	234.75
680.272	215.05
680.508	184.61
680.743	121.93
680.979	207.89
681.215	222.22
681.45	243.71
681.686	268.78
681.922	308.18
682.157	172.07
682.393	297.43
682.628	336.83
682.864	295.64
683.099	318.92
683.335	293.85
683.57	277.73
683.806	336.83
684.041	345.79
684.277	406.68
684.512	361.9
684.747	433.54
684.983	558.9
685.218	388.77
685.453	480.1
685.689	485.47
685.924	535.62
686.159	673.52
686.394	442.49
686.63	573.23
686.865	626.95
687.1	587.55
687.335	609.04
687.57	723.66
687.806	644.86
688.041	761.27
688.276	816.78
688.511	960.05
688.746	892
688.981	934.98
689.216	840.07
689.451	952.89
689.686	1092.58
689.921	1237.64
690.156	1180.33
690.391	1259.13
690.625	1357.63
690.86	1438.22
691.095	1457.92
691.33	1561.79
691.565	1619.09
691.8	1803.55
692.034	1773.11
692.269	1810.72
692.504	2106.21
692.739	2167.1
692.973	2170.68
693.208	2308.58
693.443	2435.73
693.677	2829.72
693.912	2713.31
694.146	2962.24
694.381	2974.78
694.616	2976.57
694.85	3352.65
695.085	3535.32
695.319	3580.09
695.554	3956.18
695.788	3934.68
696.023	3990.2
696.257	4285.69
696.491	4545.37
696.726	4676.1
696.96	4894.59
697.194	5168.59
697.429	5449.76
697.663	5485.58
697.897	6089.1
698.132	6037.16
698.366	6212.67
698.6	6758.88
698.834	6762.46
699.068	6945.13
699.303	7453.74
699.537	7674.02
699.771	8103.82
700.005	8241.72
700.239	8866.73
700.473	9035.08
700.707	9479.21
700.941	9626.06
701.175	9934.09
701.409	10301.22
701.643	10757.89
701.877	10929.81
702.111	11583.48
702.345	11411.56
702.579	12170.88
702.813	12604.27
703.047	12826.34
703.281	13223.91
703.514	13628.65
703.748	14087.11
703.982	14346.79
704.216	14790.92
704.449	15580.7
704.683	15489.36
704.917	16137.65
705.15	16597.91
705.384	17253.37
705.618	17070.7
705.851	18021.65
706.085	17751.23
706.319	18850.82
706.552	18920.66
706.786	19513.44
707.019	20086.52
707.253	20673.92
707.486	20729.44
707.72	21574.73
707.953	22031.4
708.187	22862.36
708.42	22973.4
708.653	23510.66
708.887	23696.91
709.12	24483.1
709.353	24794.71
709.587	25441.21
709.82	25419.72
710.053	25824.46
710.286	26397.53
710.52	26624.97
710.753	27756.8
710.986	27921.56
711.219	28055.88
711.452	29173.38
711.686	28750.73
711.919	30545.18
712.152	30255.06
712.385	31370.77
712.618	31173.78
712.851	31839.98
713.084	32160.55
713.317	32875.1
713.55	33072.1
713.783	33715.02
714.016	33915.6
714.249	34425.99
714.482	34809.24
714.714	35570.36
714.947	35833.61
715.18	36456.84
715.413	36866.94
715.646	37688.95
715.878	37799.99
716.111	38337.25
716.344	38125.92
716.577	39494.15
716.809	38620.2
717.042	40405.7
717.275	39499.52
717.507	39676.82
717.74	40099.46
717.973	41263.52
718.205	40600.9
718.438	42089.11
718.67	41978.08
718.903	42099.86
719.135	42635.33
719.368	43754.62
719.6	43738.5
719.833	44793.32
720.065	44775.41
720.297	45380.73
720.53	44972.41
720.762	45932.32
720.995	45384.31
721.227	46077.38
721.459	46842.08
721.691	47547.68
721.924	47053.4
722.156	48165.53
722.388	47137.57
722.62	48221.04
722.853	48727.86
723.085	49186.32
723.317	48253.28
723.549	49415.55
723.781	48555.94
724.013	49268.7
724.245	49379.73
724.477	49220.35
724.709	49182.74
724.941	50106.83
725.173	49990.42
725.405	50543.8
725.637	50352.18
725.869	51408.79
726.101	50828.55
726.333	52123.34
726.565	51441.02
726.797	53188.91
727.028	52148.42
727.26	52270.19
727.492	52384.81
727.724	52207.51
727.956	52196.77
728.187	52981.17
728.419	52067.83
728.651	53783.48
728.882	53239.05
729.114	54569.67
729.346	54678.91
729.577	54673.54
729.809	54313.57
730.04	54431.77
730.272	54181.05
730.503	55452.57
730.735	54669.96
730.966	55545.69
731.198	54931.42
731.429	55404.21
731.661	54639.51
731.892	55277.06
732.124	55277.06
732.355	55694.33
732.586	55808.95
732.818	56274.57
733.049	55726.57
733.28	56102.65
733.512	55570.76
733.743	56029.23
733.974	55710.45
734.205	55934.31
734.436	55638.82
734.668	56127.72
734.899	55629.86
735.13	56559.32
735.361	55780.29
735.592	56469.78
735.823	56299.65
736.054	57110.91
736.285	56328.3
736.516	56938.99
736.747	56322.93
736.978	57069.72
737.209	56582.6
737.44	57087.63
737.671	56736.62
737.902	57431.47
738.133	57476.25
738.364	57909.64
738.594	57273.88
738.825	57843.37
739.056	57341.93
739.287	57957.99
739.518	57318.65
739.748	57718.01
739.979	57920.38
740.21	58565.09
740.44	57612.35
740.671	58853.42
740.902	57886.35
741.132	58584.79
741.363	58291.09
741.593	58344.82
741.824	58060.07
742.055	57927.54
742.285	57846.96
742.516	58058.28
742.746	57555.04
742.976	58328.7
743.207	57592.65
743.437	57940.08
743.668	57838
743.898	57947.24
744.128	57922.17
744.359	58421.82
744.589	58011.72
744.819	59116.68
745.05	58771.04
745.28	59113.1
745.51	58975.2
745.74	59473.06
745.971	59050.42
746.201	59713.04
746.431	58901.78
746.661	59421.13
746.891	59193.69
747.121	59655.73
747.351	59302.93
747.581	59526.79
747.811	59170.41
748.041	59419.34
748.271	59313.68
748.501	59054
748.731	59016.39
748.961	59030.72
749.191	58557.93
749.421	59159.66
749.651	58797.91
749.881	59100.56
750.111	59111.31
750.34	59659.31
750.57	59372.77
750.8	59829.45
751.03	59437.25
751.259	60065.84
751.489	59548.28
751.719	59816.91
751.949	59374.57
752.178	59652.15
752.408	59553.65
752.637	59374.57
752.867	59311.89
753.097	59487.39
753.326	59319.05
753.556	59297.56
753.785	59165.03
754.015	59467.69
754.244	59687.97
754.474	59750.65
754.703	59804.37
754.932	59691.55
755.162	59401.43
755.391	59738.11
755.621	58704.78
755.85	59111.31
756.079	58862.38
756.309	59301.14
756.538	58953.71
756.767	59270.7
756.996	58751.34
757.225	58987.74
757.455	58896.4
757.684	59077.28
757.913	58665.38
758.142	58946.55
758.371	58455.85
758.6	59134.59
758.829	58031.42
759.058	58792.53
759.287	58393.17
759.516	58541.81
759.745	58260.65
759.974	58651.06
760.203	57768.16
760.432	57986.64
760.661	57420.73
760.89	58063.65
761.119	57854.12
761.348	57560.42
761.577	57021.37
761.805	57207.62
762.034	56998.08
762.263	57431.47
762.492	56353.37
762.721	56924.66
762.949	56190.4
763.178	57207.62
763.407	55626.28
763.635	56322.93
763.864	55565.39
764.092	56018.48
764.321	55463.31
764.55	55547.48
764.778	55053.2
765.007	55187.52
765.235	54349.39
765.464	54942.17
765.692	54107.62
765.921	54841.88
766.149	53235.47
766.377	54367.3
766.606	53213.98
766.834	53699.31
767.062	52970.42
767.291	53971.52
767.519	53201.45
767.747	53993.01
767.976	53412.77
768.204	53738.71
768.432	53151.3
768.66	53593.65
768.889	53179.96
769.117	53763.78
769.345	52293.48
769.573	53063.55
769.801	51951.42
770.029	53507.68
770.257	52560.32
770.485	53142.35
770.713	52596.13
770.941	53323.22
771.169	52259.45
771.397	51861.88
771.625	51449.98
771.853	51689.95
772.081	50416.65
772.309	51575.34
772.537	50678.11
772.765	51310.29
772.992	50839.29
773.22	51541.31
773.448	51165.23
773.676	51138.37
773.903	49542.7
774.131	50771.24
774.359	50112.2
774.586	50876.9
774.814	49614.34
775.042	50011.91
775.269	49232.88
775.497	49655.53
775.725	49025.14
775.952	48865.76
776.18	48502.21
776.407	48837.1
776.635	48364.31
776.862	48349.99
777.09	47348.89
777.317	48493.26
777.544	47968.53
777.772	48115.38
777.999	47943.46
778.227	48407.29
778.454	47395.45
778.681	48079.57
778.908	47379.34
779.136	47443.81
779.363	46765.07
779.59	46614.64
779.817	46573.45
780.045	46899.38
780.272	45964.55
780.499	46689.85
780.726	45275.07
780.953	46464.2
781.18	46462.41
781.407	46772.23
781.634	46956.69
781.861	47431.27
782.088	46156.17
782.315	47099.96
782.542	46424.8
782.769	47099.96
782.996	45747.86
783.223	45429.08
783.45	45298.35
783.677	45488.18
783.904	45104.93
784.13	45325.21
784.357	44968.83
784.584	45081.65
784.811	44273.97
785.038	45074.49
785.264	43881.77
785.491	44315.16
785.718	43828.05
785.944	44361.72
786.171	44490.67
786.398	44513.95
786.624	43534.34
786.851	44071.6
787.077	43360.63
787.304	43597.02
787.53	43478.83
787.757	42925.45
787.983	42287.9
788.21	42551.16
788.436	42490.27
788.663	43391.07
788.889	41850.93
789.115	42921.87
789.342	42117.77
789.568	42972.01
789.794	42298.65
790.021	42621
790.247	42504.6
790.473	42685.47
790.699	42379.23
790.926	42565.48
791.152	41408.58
791.378	41729.15
791.604	40907.14
791.83	41286.81
792.056	40781.78
792.282	41191.89
792.508	40801.48
792.735	41170.4
792.961	40095.88
793.187	41609.16
793.413	41632.44
793.638	41978.08
793.864	40948.33
794.09	40425.4
794.316	40034.99
794.542	40455.84
794.768	38998.08
794.994	39909.63
795.22	39673.23
795.445	40144.23
795.671	39433.26
795.897	40534.64
796.123	39866.65
796.348	39759.2
796.574	38930.02
796.8	38625.58
797.025	38727.66
797.251	38437.54
797.477	38211.89
797.702	38806.45
797.928	38167.11
798.153	38878.09
798.379	39266.71
798.604	39164.63
798.83	38365.9
799.055	38528.87
799.281	37821.48
799.506	37936.09
799.732	36836.5
799.957	37389.88
800.182	37019.17
800.408	37386.3
800.633	36465.79
800.858	37506.28
801.084	36413.86
801.309	37676.42
801.534	36469.37
801.759	36643.09
801.985	36455.05
802.21	36492.65
802.435	36442.51
802.66	36834.71
802.885	36832.92
803.11	36884.85
803.335	37334.36
803.561	36886.64
803.786	36523.1
804.011	37393.46
804.236	36121.94
804.461	36161.34
804.685	34927.44
804.91	35905.25
805.135	34907.74
805.36	35912.41
805.585	34714.32
805.81	35638.41
806.035	34802.07
806.26	35437.83
806.484	33738.3
806.709	34757.3
806.934	33808.14
807.159	34658.81
807.383	33424.9
807.608	33840.38
807.833	33772.33
808.057	33920.97
808.282	32928.83
808.507	33127.61
808.731	33578.91
808.956	33021.95
809.18	32835.7
809.405	33356.84
809.629	33079.26
809.854	33430.27
810.078	32515.14
810.303	33070.31
810.527	32588.56
810.751	32765.86
810.976	32343.21
811.2	32078.17
811.425	32391.57
811.649	32452.46
811.873	31494.34
812.097	31329.58
812.322	31290.18
812.546	31236.46
812.77	30930.22
812.994	30683.08
813.219	30700.99
813.443	30860.38
813.667	30407.29
813.891	31182.73
814.115	30009.71
814.339	30666.96
814.563	29671.24
814.787	30086.72
815.011	29710.64
815.235	30296.25
815.459	29796.6
815.683	29964.94
815.907	29416.94
816.131	29823.46
816.355	29010.41
816.579	29443.8
816.802	29302.32
817.026	29415.15
817.25	29035.48
817.474	29169.8
817.698	28598.51
817.921	28569.86
818.145	28054.09
818.369	28566.27
818.592	28199.15
818.816	28895.79
819.04	27595.62
819.263	28265.41
819.487	27837.39
819.71	28183.03
819.934	27704.87
820.158	28655.82
820.381	27604.58
820.605	27790.83
820.828	26682.28
821.051	27613.53
821.275	26718.1
821.498	27040.46
821.722	27334.16
821.945	27296.55
822.168	27006.43
822.392	27267.9
822.615	26433.35
822.838	26891.81
823.061	26284.71
823.285	26350.97
823.508	25879.97
823.731	26530.06
823.954	25555.83
824.177	26685.86
824.401	25915.79
824.624	25881.76
824.847	25389.28
825.07	26098.46
825.293	25643.58
825.516	25681.19
825.739	25025.73
825.962	25360.62
826.185	25081.25
826.408	24864.55
826.631	24348.78
826.854	24844.85
827.077	23888.53
827.299	24257.45
827.522	23786.45
827.745	24026.43
827.968	23293.96
828.191	24187.6
828.413	23845.55
828.636	23730.93
828.859	23152.48
829.082	23263.52
829.304	22631.34
829.527	23041.45
829.75	22643.88
829.972	23199.04
830.195	22520.31
830.417	22738.79
830.64	22455.84
830.862	22797.89
831.085	22158.55
831.307	22618.8
831.53	22129.9
831.752	22550.75
831.975	22613.43
832.197	22788.94
832.42	22262.42
832.642	22255.26
832.864	21988.42
833.087	22006.33
833.309	21682.18
833.531	22070.8
833.753	21988.42
833.976	22000.95
834.198	21415.34
834.42	21630.25
834.642	21178.95
834.864	21574.73
835.086	20962.25
835.309	21062.54
835.531	20969.42
835.753	20947.92
835.975	20810.03
836.197	21055.38
836.419	20636.31
836.641	20496.63
836.863	19830.42
837.085	20065.03
837.307	20106.22
837.529	20236.95
837.75	19654.92
837.972	20056.07
838.194	19405.99
838.416	20039.95
838.638	19302.12
838.859	20061.45
839.081	19767.74
839.303	19936.08
839.525	19525.98
839.746	19722.97
839.968	19311.07
840.19	19389.87
840.411	19373.75
840.633	19262.72
840.855	18877.68
841.076	19556.42
841.298	18994.09
841.519	19049.61
841.741	18911.71
841.962	18687.85
842.184	18815
842.405	19099.75
842.626	18465.78
842.848	19090.8
843.069	18295.65
843.291	18727.25
843.512	18125.52
843.733	18327.89
843.955	18001.95
844.176	18485.48
844.397	17989.41
844.618	18301.02
844.839	18071.79
845.061	18102.24
845.282	17727.95
845.503	17821.07
845.724	17711.83
845.945	17733.32
846.166	17403.8
846.387	17479.01
846.608	17264.11
846.829	17437.82
847.05	17162.03
847.271	17330.37
847.492	16977.57
847.713	17145.91
847.934	16936.38
848.155	17002.64
848.376	16413.45
848.597	16830.72
848.818	16585.37
849.038	16889.82
849.259	16066.02
849.48	16703.57
849.701	16306
849.921	16413.45
850.142	16361.51
850.363	16289.88
850.584	16322.11
850.804	16313.16
851.025	16255.85
851.245	16393.75
851.466	15684.57
851.687	16030.2
851.907	15586.07
852.128	15553.83
852.348	15288.78
852.569	15367.58
852.789	15673.82
853.009	15333.56
853.23	15199.24
853.45	15263.71
853.671	15091.79
853.891	15154.47
854.111	14880.47
854.332	15226.1
854.552	14703.17
854.772	14817.79
854.992	14561.69
855.213	14794.5
855.433	14590.35
855.653	14679.89
855.873	14672.73
856.093	15021.94
856.313	14683.47
856.533	14746.15
856.753	14522.29
856.974	14654.82
857.194	14631.54
857.414	14359.32
857.634	14135.47
857.854	14382.6
858.073	13922.35
858.293	14067.41
858.513	14035.18
858.733	14013.69
858.953	14044.13
859.173	14400.51
859.393	13983.24
859.612	14110.39
859.832	13440.61
860.052	14139.05
860.272	13727.15
860.491	13814.9
860.711	13295.55
860.931	13845.34
861.15	13141.53
861.37	13429.86
861.59	13268.69
861.809	13445.98
862.029	13202.42
862.248	13838.18
862.468	13571.34
862.687	13734.31
862.907	13474.64
863.126	14115.77
863.346	13492.54
863.565	13544.48
863.785	13548.06
864.004	13567.76
864.223	13096.76
864.443	12960.66
864.662	12815.6
864.881	13086.02
865.1	12489.66
865.32	12713.52
865.539	12727.84
865.758	12418.02
865.977	12450.26
866.196	12405.49
866.416	12482.49
866.635	12539.8
866.854	12097.46
867.073	12933.79
867.292	12317.73
867.511	12803.06
867.73	12434.14
867.949	12615.02
868.168	12290.87
868.387	12606.06
868.606	12298.04
868.825	12539.8
869.044	12353.55
869.262	12371.46
869.481	11920.16
869.7	11945.23
869.919	12068.8
870.138	11832.41
870.356	11554.83
870.575	11884.35
870.794	11309.48
871.013	11519.01
871.231	11311.27
871.45	11443.79
871.668	11225.31
871.887	11390.07
872.106	10996.07
872.324	11286.2
872.543	11219.93
872.761	11379.32
872.98	11021.15
873.198	11404.39
873.417	11144.72
873.635	11370.37
873.854	11198.44
874.072	11280.82
874.29	11207.4
874.509	11017.57
874.727	11073.08
874.945	11030.1
875.164	10713.12
875.382	10872.5
875.6	10609.25
875.818	10945.93
876.037	10774.01
876.255	10797.29
876.473	10702.37
876.691	10473.14
876.909	10763.26
877.127	10591.34
877.345	10360.32
877.563	10340.62
877.781	10315.55
877.999	10174.07
878.217	10217.05
878.435	10055.87
878.653	10174.07
878.871	10165.11
879.089	9755
879.307	10073.78
879.525	9749.63
879.743	10131.09
879.96	9889.32
880.178	10071.99
880.396	9883.95
880.614	9946.63
880.832	9411.16
881.049	9765.75
881.267	9420.11
881.485	9549.05
881.702	9432.65
881.92	9674.41
882.137	9199.83
882.355	9498.91
882.573	9187.3
882.79	9219.53
883.008	9332.36
883.225	9318.03
883.443	9233.86
883.66	9199.83
883.877	8904.34
884.095	9312.66
884.312	8975.98
884.53	9058.36
884.747	9203.42
884.964	9162.23
885.182	9115.66
885.399	9047.61
885.616	8981.35
885.833	9208.79
886.051	9087.01
886.268	8909.71
886.485	8872.11
886.702	9051.19
886.919	9035.08
887.136	8816.59
887.353	9054.77
887.57	9092.38
887.788	8766.44
888.005	8984.93
888.222	8861.36
888.439	9022.54
888.655	8744.95
888.872	8847.03
889.089	8612.43
889.306	8757.49
889.523	8744.95
889.74	8882.85
889.957	8682.27
890.174	8759.28
890.39	8723.46
890.607	8940.16
890.824	8549.75
891.041	8918.67
891.257	8796.89
891.474	8746.75
891.691	8614.22
891.907	8820.17
892.124	8642.88
892.34	8753.91
892.557	9104.92
892.774	9027.91
892.99	8977.77
893.207	8970.6
893.423	8886.43
893.64	9183.72
893.856	9167.6
894.072	9013.58
894.289	9160.44
894.505	9443.39
894.722	9287.59
894.938	9334.15
895.154	9174.76
895.37	9291.17
895.587	9300.12
895.803	9640.39
896.019	9635.02
896.235	9874.99
896.452	9703.07
896.668	9643.97
896.884	9789.03
897.1	9746.05
897.316	9722.77
897.532	9883.95
897.748	9758.59
897.964	10138.25
898.18	9712.02
898.396	10267.19
898.612	9760.38
898.828	10141.83
899.044	10184.81
899.26	10025.42
899.476	9948.42
899.692	10141.83
899.908	9925.14
900.123	10405.09
900.339	10324.5
900.555	10645.06
900.771	10473.14
900.986	10542.99
901.202	10131.09
901.418	10539.4
901.633	10114.97
901.849	10365.69
902.065	9986.03
902.28	10145.41
902.496	9934.09
902.711	9964.54
902.927	9928.72
903.143	10079.15
903.358	9891.11
903.573	10086.31
903.789	9466.67
904.004	9749.63
904.22	9455.93
904.435	9570.54
904.651	9233.86
904.866	9292.96
905.081	8915.09
905.296	9258.93
905.512	9001.05
905.727	8958.07
905.942	8884.64
906.157	9027.91
906.373	8809.43
906.588	9121.04
906.803	8741.37
907.018	8605.27
907.233	8651.83
907.448	8510.35
907.663	8397.53
907.878	8372.45
908.093	8164.71
908.308	8044.73
908.523	7940.86
908.738	7899.67
908.953	7722.37
909.168	7847.73
909.383	7364.2
909.598	7738.49
909.813	7639.99
910.027	7511.05
910.242	7534.33
910.457	7471.65
910.672	7305.1
910.887	7262.12
911.101	7115.27
911.316	7077.66
911.531	6934.39
911.745	7052.58
911.96	6794.7
912.174	7194.06
912.389	6877.08
912.604	6941.55
912.818	6653.22
913.033	6850.22
913.247	6613.82
913.462	6755.3
913.676	6447.27
913.89	6382.8
914.105	6201.92
914.319	6420.41
914.534	6253.86
914.748	6443.69
914.962	6415.04
915.177	6393.55
915.391	6191.18
915.605	6296.84
915.819	6191.18
916.034	6230.58
916.248	6230.58
916.462	6058.65
916.676	6042.54
916.89	6076.56
917.104	5734.51
917.318	5834.8
917.532	5784.65
917.746	6004.93
917.96	5546.47
918.174	5678.99
918.388	5739.88
918.602	5625.26
918.816	5550.05
919.03	5725.55
919.244	5594.82
919.458	5410.36
919.672	5449.76
919.886	5383.5
920.099	5170.38
920.313	5369.17
920.527	5191.87
920.741	5225.9
920.954	5041.44
921.168	5326.19
921.382	5095.17
921.595	5118.45
921.809	5267.09
922.023	5207.99
922.236	5034.28
922.45	5091.59
922.663	5256.34
922.877	5130.98
923.09	4864.14
923.304	4957.27
923.517	4835.49
923.731	5021.74
923.944	4822.96
924.157	4946.52
924.371	4867.73
924.584	4681.48
924.797	4745.95
925.011	4772.81
925.224	4758.48
925.437	4865.94
925.65	4758.48
925.864	4844.45
926.077	4554.32
926.29	4565.07
926.503	4597.31
926.716	4679.69
926.929	4543.58
927.142	4674.31
927.355	4482.69
927.568	4566.86
927.781	4482.69
927.994	4618.8
928.207	4536.42
928.42	4548.95
928.633	4550.74
928.846	4552.53
929.059	4387.77
929.272	4346.58
929.485	4398.52
929.697	4274.95
929.91	4167.5
930.123	4310.77
930.336	4276.74
930.549	4133.47
930.761	4051.09
930.974	4255.25
931.187	3986.62
931.399	4172.87
931.612	4104.82
931.824	3963.34
932.037	3936.48
932.249	4017.06
932.462	3848.72
932.675	3961.55
932.887	3837.98
933.099	3859.47
933.312	3872
933.524	3780.67
933.737	3750.23
933.949	3836.19
934.161	3599.79
934.374	3633.82
934.586	3782.46
934.798	3701.87
935.011	3744.85
935.223	3766.34
935.435	3483.39
935.647	3288.18
935.859	3384.89
936.072	3366.98
936.284	3531.74
936.496	3343.7
936.708	3560.39
936.92	3386.68
937.132	3202.22
937.344	3270.27
937.556	3302.51
937.768	3198.64
937.98	3291.76
938.192	3309.67
938.404	3196.85
938.616	3008.81
938.828	3103.72
939.039	3186.1
939.251	2926.43
939.463	3017.76
939.675	2840.46
939.887	2906.73
940.098	2775.99
940.31	2727.64
940.522	2731.22
940.733	2688.24
940.945	2650.63
941.157	2623.77
941.368	2342.6
941.58	2656.01
941.791	2390.96
942.003	2496.62
942.214	2340.81
942.426	2281.71
942.637	2371.26
942.849	2371.26
943.06	2219.03
943.272	2317.53
943.483	2258.43
943.694	2174.26
943.906	2066.81
944.117	2156.35
944.328	2165.31
944.54	2115.16
944.751	1961.15
944.962	2007.71
945.173	1930.7
945.384	1932.5
945.596	2011.29
945.807	2034.57
946.018	2022.04
946.229	1925.33
946.44	1988.01
946.651	1866.23
946.862	1934.29
947.073	2072.18
947.284	1894.89
947.495	2011.29
947.706	2065.02
947.917	2002.34
948.128	1885.93
948.339	1986.22
948.549	1819.67
948.76	1893.1
948.971	1961.15
949.182	2111.58
949.393	1932.5
949.603	1862.65
949.814	1896.68
950.025	1955.78
950.235	1808.93
950.446	1851.91
950.657	1794.6
950.867	1791.02
951.078	1816.09
951.288	1782.06
951.499	1860.86
951.709	2025.62
951.92	1826.83
952.13	2018.46
952.341	1791.02
952.551	1841.16
952.762	1887.72
952.972	1977.27
953.182	1873.4
953.393	1991.59
953.603	1916.38
953.813	1882.35
954.024	1758.78
954.234	2047.11
954.444	1848.32
954.654	1975.48
954.865	1794.6
955.075	1986.22
955.285	2023.83
955.495	1866.23
955.705	1841.16
955.915	2043.53
956.125	1953.99
956.335	1986.22
956.545	1839.37
956.755	2063.23
956.965	1853.7
957.175	1941.45
957.385	1842.95
957.595	1905.63
957.805	1988.01
958.015	1894.89
958.224	1873.4
958.434	2014.88
958.644	1902.05
958.854	2036.37
959.064	2011.29
959.273	1979.06
959.483	1921.75
959.693	1914.59
959.902	1914.59
960.112	2005.92
960.322	1928.91
960.531	1961.15
960.741	1950.4
960.95	1936.08
961.16	1773.11
961.369	1911
961.579	1880.56
961.788	1889.51
961.998	1914.59
962.207	1918.17
962.416	1959.36
962.626	2004.13
962.835	1952.19
963.044	1918.17
963.254	1962.94
963.463	1896.68
963.672	1823.25
963.881	1803.55
964.091	1834
964.3	1980.85
964.509	1905.63
964.718	1971.89
964.927	1941.45
965.136	1952.19
965.345	1828.62
965.554	1927.12
965.763	1842.95
965.972	1930.7
966.181	1803.55
966.39	1871.61
966.599	1801.76
966.808	1814.3
967.017	1706.85
967.226	1744.45
967.435	1742.66
967.644	1764.15
967.852	1868.02
968.061	1914.59
968.27	1821.46
968.479	1731.92
968.687	1817.88
968.896	2027.41
969.105	1825.04
969.313	1828.62
969.522	1859.07
969.731	1851.91
969.939	1740.87
970.148	1862.65
970.356	1717.59
970.565	1739.08
970.773	1774.9
970.982	1919.96
971.19	1619.09
971.399	1751.62
971.607	1712.22
971.815	1662.07
972.024	1834
972.232	1662.07
972.44	1563.58
972.649	1719.38
972.857	1769.53
973.065	1819.67
973.273	1765.94
973.482	1771.32
973.69	1590.44
973.898	1722.96
974.106	1737.29
974.314	1678.19
974.522	1749.83
974.73	1715.8
974.938	1527.76
975.146	1724.75
975.354	1645.96
975.562	1753.41
975.77	1538.5
975.978	1642.37
976.186	1604.77
976.394	1633.42
976.602	1730.13
976.81	1690.73
977.018	1699.68
977.225	1619.09
977.433	1633.42
977.641	1663.87
977.849	1551.04
978.056	1585.07
978.264	1583.28
978.472	1640.58
978.679	1524.18
978.887	1592.23
979.094	1538.5
979.302	1533.13
979.51	1447.17
979.717	1558.2
979.925	1549.25
980.132	1644.17
980.339	1511.64
980.547	1543.88
980.754	1445.38
980.962	1509.85
981.169	1445.38
981.376	1425.68
981.584	1499.11
981.791	1450.75
981.998	1389.86
982.206	1468.66
982.413	1443.59
982.62	1513.43
982.827	1219.73
983.034	1422.1
983.242	1285.99
983.449	1413.14
983.656	1337.93
983.863	1423.89
984.07	1398.82
984.277	1327.18
984.484	1370.16
984.691	1343.3
984.898	1343.3
985.105	1309.27
985.312	1226.89
985.519	1423.89
985.725	1320.02
985.932	1294.95
986.139	1293.16
986.346	1391.65
986.553	1361.21
986.759	1241.22
986.966	1268.08
987.173	1405.98
987.38	1277.04
987.586	1232.27
987.793	1273.46
988	1196.45
988.206	1112.28
988.413	1312.86
988.619	1139.14
988.826	1250.17
989.032	1364.79
989.239	1230.48
989.445	1280.62
989.652	1214.36
989.858	1137.35
990.064	1234.06
990.271	1164.21
990.477	1178.54
990.684	1133.77
990.89	1432.84
991.096	1173.17
991.302	1130.19
991.509	1062.13
991.715	1162.42
991.921	1074.67
992.127	1139.14
992.333	1078.25
992.539	1148.1
992.746	1162.42
992.952	1200.03
993.158	1060.34
993.364	1130.19
993.57	1044.22
993.776	1037.06
993.982	1076.46
994.188	1081.83
994.394	1038.85
994.599	1020.94
994.805	1024.53
995.011	1248.38
995.217	1024.53
995.423	1078.25
995.629	1119.44
995.834	1149.89
996.04	1019.15
996.246	1063.92
996.452	1094.37
996.657	1083.62
996.863	836.48
997.068	1062.13
997.274	1054.97
997.48	1124.81
997.685	1033.48
997.891	985.13
998.096	1083.62
998.302	922.45
998.507	977.96
998.713	1101.53
998.918	872.3
999.123	1051.39
999.329	988.71
999.534	940.35
999.74	985.13
999.945	1020.94
1000.15	924.24
1000.355	913.49
1000.561	1094.37
1000.766	836.48
1000.971	918.86
1001.176	945.73
1001.381	983.34
1001.586	877.67
1001.792	866.93
1001.997	979.75
1002.202	924.24
1002.407	850.81
1002.612	904.54
1002.817	841.86
1003.022	888.42
1003.227	927.82
1003.432	866.93
1003.637	804.25
1003.841	829.32
1004.046	770.22
1004.251	789.92
1004.456	784.55
1004.661	761.27
1004.865	838.28
1005.07	875.88
1005.275	750.52
1005.48	736.2
1005.684	929.61
1005.889	841.86
1006.094	850.81
1006.298	759.48
1006.503	884.84
1006.707	741.57
1006.912	836.48
1007.116	798.88
1007.321	827.53
1007.525	922.45
1007.73	829.32
1007.934	669.93
1008.139	739.78
1008.343	825.74
1008.547	712.91
1008.752	723.66
1008.956	761.27
1009.16	729.03
1009.364	768.43
1009.569	850.81
1009.773	634.12
1009.977	678.89
1010.181	648.44
1010.385	754.1
1010.589	573.23
1010.794	650.23
1010.998	745.15
1011.202	768.43
1011.406	707.54
1011.61	573.23
1011.814	551.74
1012.018	601.88
1012.222	732.61
1012.426	623.37
1012.629	777.39
1012.833	591.14
1013.037	652.02
1013.241	481.89
1013.445	566.06
1013.649	610.84
1013.852	610.84
1014.056	634.12
1014.26	589.34
1014.463	619.79
1014.667	646.65
1014.871	521.29
1015.074	535.62
1015.278	553.53
1015.482	596.51
1015.685	553.53
1015.889	616.21
1016.092	515.92
1016.296	532.04
1016.499	607.25
1016.703	575.02
1016.906	537.41
1017.109	605.46
1017.313	514.13
1017.516	594.72
1017.719	557.11
1017.923	598.3
1018.126	546.36
1018.329	623.37
1018.532	519.5
1018.736	637.7
1018.939	549.95
1019.142	535.62
1019.345	476.52
1019.548	546.36
1019.751	494.43
1019.954	519.5
1020.157	505.17
1020.361	503.38
1020.564	503.38
1020.766	394.14
1020.969	549.95
1021.172	503.38
1021.375	395.93
1021.578	467.57
1021.781	447.87
1021.984	494.43
1022.187	567.85
1022.389	489.06
1022.592	403.09
1022.795	492.64
1022.998	394.14
1023.2	431.75
1023.403	392.35
1023.606	467.57
1023.808	519.5
1024.011	455.03
1024.214	363.7
1024.416	494.43
1024.619	492.64
1024.821	324.3
1025.024	399.51
1025.226	340.41
1025.429	283.11
1025.631	429.96
1025.833	438.91
1026.036	404.89
1026.238	413.84
1026.441	374.44
1026.643	422.79
1026.845	363.7
1027.047	446.08
1027.25	404.89
1027.452	460.4
1027.654	494.43
1027.856	344
1028.058	352.95
1028.261	299.22
1028.463	238.33
1028.665	397.72
1028.867	369.07
1029.069	424.58
1029.271	483.68
1029.473	356.53
1029.675	338.62
1029.877	378.02
1030.079	363.7
1030.281	234.75
1030.482	437.12
1030.684	306.39
1030.886	458.61
1031.088	311.76
1031.29	429.96
1031.491	286.69
1031.693	304.6
1031.895	397.72
1032.097	302.81
1032.298	318.92
1032.5	236.54
1032.701	234.75
1032.903	317.13
1033.105	370.86
1033.306	403.09
1033.508	258.03
1033.709	315.34
1033.911	367.28
1034.112	272.36
1034.314	231.17
1034.515	480.1
1034.716	283.11
1034.918	256.24
1035.119	265.2
1035.32	306.39
1035.522	318.92
1035.723	363.7
1035.924	207.89
1036.125	279.52
1036.327	189.98
1036.528	338.62
1036.729	179.24
1036.93	318.92
1037.131	211.47
1037.332	213.26
1037.533	241.92
1037.734	283.11
1037.935	173.86
1038.136	256.24
1038.337	236.54
1038.538	286.69
1038.739	274.15
1038.94	231.17
1039.141	211.47
1039.342	189.98
1039.543	164.91
1039.744	238.33
1039.944	281.32
1040.145	320.71
1040.346	227.59
1040.547	283.11
1040.747	259.83
1040.948	266.99
1041.149	193.56
1041.349	229.38
1041.55	227.59
1041.75	177.45
1041.951	259.83
1042.152	200.73
1042.352	240.13
1042.553	157.75
1042.753	218.64
1042.953	352.95
1043.154	197.14
1043.354	166.7
1043.555	204.31
1043.755	155.95
1043.955	209.68
1044.156	198.94
1044.356	105.81
1044.556	213.26
1044.756	118.35
1044.957	112.97
1045.157	225.8
1045.357	261.62
1045.557	197.14
1045.757	159.54
1045.957	211.47
1046.157	127.3
1046.357	95.07
1046.557	155.95
1046.757	123.72
1046.957	181.03
1047.157	118.35
1047.357	77.16
1047.557	104.02
1047.757	69.99
1047.957	170.28
1048.157	231.17
1048.356	164.91
1048.556	209.68
1048.756	164.91
1048.956	204.31
1049.156	116.56
1049.355	157.75
1049.555	73.57
1049.755	193.56
1049.954	145.21
1050.154	241.92
1050.353	215.05
1050.553	202.52
1050.752	21.64
1050.952	216.84
1051.151	118.35
1051.351	86.11
1051.55	188.19
1051.75	147
1051.949	141.63
1052.148	352.95
1052.348	279.52
1052.547	198.94
1052.746	120.14
1052.946	168.49
1053.145	138.05
1053.344	232.96
1053.543	78.95
1053.743	172.07
1053.942	127.3
1054.141	130.88
1054.34	73.57
1054.539	96.86
1054.738	129.09
1054.937	136.26
1055.136	84.32
1055.335	116.56
1055.534	227.59
1055.733	71.78
1055.932	71.78
1056.131	71.78
