194.216	-358.62
194.484	-358.62
194.753	-358.62
195.022	-338.92
195.29	26.42
195.559	12.09
195.827	-59.55
196.096	4.92
196.364	-73.87
196.633	22.83
196.901	-156.25
197.17	87.3
197.438	22.83
197.706	115.96
197.975	-4.03
198.243	-14.77
198.512	42.53
198.78	17.46
199.048	-47.01
199.317	35.37
199.585	76.56
199.853	65.81
200.122	-0.45
200.39	67.61
200.658	-70.29
200.926	137.45
201.195	-4.03
201.463	-41.64
201.731	46.11
201.999	17.46
202.267	10.3
202.536	49.7
202.804	78.35
203.072	99.84
203.34	31.79
203.608	-11.19
203.876	-77.46
204.144	62.23
204.412	-2.24
204.68	31.79
204.948	35.37
205.216	53.28
205.484	33.58
205.752	44.32
206.02	31.79
206.288	-38.06
206.556	-82.83
206.824	47.91
207.092	3.13
207.36	96.26
207.628	65.81
207.896	96.26
208.164	37.16
208.431	28.21
208.699	-14.77
208.967	-50.59
209.235	-64.92
209.503	35.37
209.77	-73.87
210.038	12.09
210.306	-16.57
210.573	30
210.841	15.67
211.109	33.58
211.377	4.92
211.644	-2.24
211.912	-75.66
212.179	3.13
212.447	-55.96
212.715	-16.57
212.982	133.87
213.25	153.57
213.517	42.53
213.785	60.44
214.052	-91.78
214.32	-2.24
214.587	42.53
214.855	33.58
215.122	-54.17
215.39	-4.03
215.657	-70.29
215.925	-70.29
216.192	22.83
216.459	64.02
216.727	56.86
216.994	-75.66
217.261	-43.43
217.529	42.53
217.796	12.09
218.063	133.87
218.331	28.21
218.598	-38.06
218.865	55.07
219.132	-5.82
219.399	-20.15
219.667	4.92
219.934	30
220.201	15.67
220.468	-107.9
220.735	-36.27
221.002	-38.06
221.27	-36.27
221.537	-7.61
221.804	108.8
222.071	-98.95
222.338	112.38
222.605	83.72
222.872	51.49
223.139	81.93
223.406	46.11
223.673	69.4
223.94	-34.47
224.207	31.79
224.474	-11.19
224.741	24.62
225.007	26.42
225.274	-0.45
225.541	3.13
225.808	-54.17
226.075	110.59
226.342	-27.31
226.609	-30.89
226.875	-21.94
227.142	81.93
227.409	-97.15
227.676	149.99
227.942	90.89
228.209	-127.6
228.476	-29.1
228.742	-54.17
229.009	4.92
229.276	69.4
229.542	-7.61
229.809	51.49
230.076	3.13
230.342	40.74
230.609	-91.78
230.875	119.54
231.142	49.7
231.408	67.61
231.675	-23.73
231.941	99.84
232.208	22.83
232.474	47.91
232.741	71.19
233.007	-5.82
233.274	133.87
233.54	103.42
233.807	-23.73
234.073	-12.98
234.339	17.46
234.606	62.23
234.872	-0.45
235.138	101.63
235.405	6.72
235.671	92.68
235.937	-16.57
236.203	-48.8
236.47	24.62
236.736	55.07
237.002	72.98
237.268	37.16
237.535	-18.36
237.801	60.44
238.067	15.67
238.333	124.91
238.599	10.3
238.865	-47.01
239.131	-32.68
239.397	114.17
239.663	-21.94
239.929	-0.45
240.195	38.95
240.462	67.61
240.728	12.09
240.993	44.32
241.259	151.78
241.525	146.4
241.791	-43.43
242.057	-2.24
242.323	-36.27
242.589	10.3
242.855	67.61
243.121	-5.82
243.387	-95.36
243.652	44.32
243.918	-39.85
244.184	-18.36
244.45	-54.17
244.716	65.81
244.981	31.79
245.247	114.17
245.513	-29.1
245.779	64.02
246.044	64.02
246.31	135.66
246.576	15.67
246.841	-5.82
247.107	-34.47
247.373	-81.04
247.638	155.36
247.904	121.33
248.169	78.35
248.435	-72.08
248.7	-38.06
248.966	33.58
249.231	4.92
249.497	-27.31
249.762	72.98
250.028	98.05
250.293	-70.29
250.559	-48.8
250.824	-82.83
251.09	128.49
251.355	40.74
251.62	-0.45
251.886	-25.52
252.151	67.61
252.416	19.25
252.682	40.74
252.947	4.92
253.212	6.72
253.477	78.35
253.743	105.21
254.008	180.43
254.273	-48.8
254.538	65.81
254.804	37.16
255.069	158.94
255.334	6.72
255.599	13.88
255.864	-39.85
256.129	17.46
256.394	67.61
256.659	-81.04
256.925	-52.38
257.19	-36.27
257.455	13.88
257.72	107
257.985	169.68
258.25	65.81
258.515	40.74
258.78	26.42
259.044	1.34
259.309	-48.8
259.574	31.79
259.839	47.91
260.104	19.25
260.369	-36.27
260.634	-4.03
260.899	74.77
261.163	-88.2
261.428	-81.04
261.693	1.34
261.958	-14.77
262.223	-43.43
262.487	-30.89
262.752	76.56
263.017	6.72
263.281	137.45
263.546	15.67
263.811	-20.15
264.075	26.42
264.34	-91.78
264.605	-4.03
264.869	175.06
265.134	-79.25
265.398	-45.22
265.663	-7.61
265.927	171.48
266.192	13.88
266.457	-2.24
266.721	12.09
266.985	-5.82
267.25	33.58
267.514	-41.64
267.779	-5.82
268.043	30
268.308	-7.61
268.572	8.51
268.836	89.1
269.101	-0.45
269.365	49.7
269.629	55.07
269.894	42.53
270.158	81.93
270.422	-77.46
270.687	-52.38
270.951	4.92
271.215	-45.22
271.479	-14.77
271.743	-61.34
272.008	-77.46
272.272	-34.47
272.536	1.34
272.8	26.42
273.064	38.95
273.328	35.37
273.592	67.61
273.856	6.72
274.12	-9.4
274.385	10.3
274.649	-63.13
274.913	103.42
275.177	-52.38
275.441	105.21
275.704	17.46
275.968	56.86
276.232	-29.1
276.496	-98.95
276.76	-95.36
277.024	85.51
277.288	-41.64
277.552	-38.06
277.816	-21.94
278.079	133.87
278.343	65.81
278.607	114.17
278.871	37.16
279.135	33.58
279.398	12.09
279.662	-0.45
279.926	30
280.189	124.91
280.453	33.58
280.717	98.05
280.98	19.25
281.244	21.04
281.508	31.79
281.771	72.98
282.035	-12.98
282.298	144.61
282.562	44.32
282.826	-39.85
283.089	-32.68
283.353	103.42
283.616	-47.01
283.88	49.7
284.143	35.37
284.407	-11.19
284.67	-72.08
284.933	149.99
285.197	-20.15
285.46	33.58
285.724	78.35
285.987	19.25
286.25	51.49
286.514	56.86
286.777	33.58
287.04	22.83
287.303	-38.06
287.567	21.04
287.83	62.23
288.093	65.81
288.356	-104.32
288.62	22.83
288.883	-20.15
289.146	51.49
289.409	-54.17
289.672	35.37
289.935	85.51
290.198	10.3
290.461	117.75
290.725	-54.17
290.988	-77.46
291.251	1.34
291.514	-47.01
291.777	78.35
292.04	35.37
292.303	67.61
292.566	24.62
292.829	31.79
293.091	87.3
293.354	80.14
293.617	13.88
293.88	-29.1
294.143	-50.59
294.406	13.88
294.669	-25.52
294.932	37.16
295.194	80.14
295.457	-9.4
295.72	-30.89
295.983	160.73
296.245	42.53
296.508	-43.43
296.771	80.14
297.034	123.12
297.296	-25.52
297.559	47.91
297.822	-52.38
298.084	96.26
298.347	-36.27
298.609	42.53
298.872	30
299.135	-12.98
299.397	64.02
299.66	-52.38
299.922	47.91
300.185	67.61
300.447	-0.45
300.71	119.54
300.972	169.68
301.235	12.09
301.497	-100.74
301.759	22.83
302.022	115.96
302.284	22.83
302.546	201.92
302.809	83.72
303.071	56.86
303.333	6.72
303.596	-14.77
303.858	110.59
304.12	44.32
304.383	15.67
304.645	-91.78
304.907	76.56
305.169	24.62
305.431	235.95
305.694	149.99
305.956	185.8
306.218	65.81
306.48	196.55
306.742	40.74
307.004	94.47
307.266	223.41
307.528	235.95
307.79	228.78
308.052	298.63
308.314	175.06
308.576	243.11
308.838	148.19
309.1	198.34
309.362	130.29
309.624	343.4
309.886	305.79
310.148	198.34
310.41	295.05
310.672	171.48
310.934	395.33
311.196	234.16
311.457	287.88
311.719	214.46
311.981	262.81
312.243	314.74
312.504	230.57
312.766	275.35
313.028	209.08
313.29	266.39
313.551	277.14
313.813	214.46
314.075	207.29
314.336	311.16
314.598	282.51
314.86	384.59
315.121	312.95
315.383	323.7
315.644	246.69
315.906	207.29
316.167	370.26
316.429	216.25
316.69	257.44
316.952	164.31
317.213	184.01
317.475	384.59
317.736	239.53
317.998	126.7
318.259	184.01
318.521	148.19
318.782	191.18
319.043	218.04
319.305	133.87
319.566	320.12
319.827	219.83
320.089	76.56
320.35	271.76
320.611	209.08
320.872	83.72
321.134	166.1
321.395	184.01
321.656	194.76
321.917	128.49
322.178	115.96
322.44	196.55
322.701	273.55
322.962	264.6
323.223	108.8
323.484	214.46
323.745	167.89
324.006	175.06
324.267	219.83
324.528	153.57
324.789	184.01
325.05	74.77
325.311	203.71
325.572	226.99
325.833	239.53
326.094	187.59
326.355	192.97
326.616	153.57
326.877	226.99
327.138	192.97
327.398	200.13
327.659	219.83
327.92	207.29
328.181	137.45
328.442	327.28
328.702	176.85
328.963	309.37
329.224	205.5
329.485	192.97
329.745	230.57
330.006	130.29
330.267	268.18
330.527	234.16
330.788	184.01
331.049	189.38
331.309	117.75
331.57	296.84
331.83	201.92
332.091	166.1
332.351	218.04
332.612	300.42
332.873	289.67
333.133	221.62
333.393	239.53
333.654	210.87
333.914	277.14
334.175	289.67
334.435	266.39
334.696	225.2
334.956	239.53
335.216	345.19
335.477	418.62
335.737	350.56
335.997	436.52
336.258	465.18
336.518	486.67
336.778	468.76
337.038	370.26
337.299	298.63
337.559	409.66
337.819	352.35
338.079	225.2
338.34	133.87
338.6	87.3
338.86	221.62
339.12	257.44
339.38	253.86
339.64	216.25
339.9	246.69
340.16	316.54
340.42	184.01
340.68	182.22
340.94	117.75
341.2	175.06
341.46	121.33
341.72	226.99
341.98	207.29
342.24	146.4
342.5	228.78
342.76	58.65
343.02	266.39
343.28	237.74
343.54	192.97
343.799	141.03
344.059	214.46
344.319	167.89
344.579	486.67
344.839	158.94
345.098	151.78
345.358	126.7
345.618	114.17
345.878	94.47
346.137	221.62
346.397	203.71
346.657	244.9
346.916	98.05
347.176	128.49
347.435	162.52
347.695	286.09
347.955	178.64
348.214	123.12
348.474	198.34
348.733	87.3
348.993	241.32
349.252	255.65
349.512	350.56
349.771	212.67
350.031	243.11
350.29	166.1
350.549	162.52
350.809	230.57
351.068	237.74
351.328	363.1
351.587	175.06
351.846	87.3
352.106	250.27
352.365	225.2
352.624	237.74
352.883	286.09
353.143	157.15
353.402	395.33
353.661	167.89
353.92	207.29
354.179	295.05
354.439	169.68
354.698	71.19
354.957	175.06
355.216	219.83
355.475	139.24
355.734	115.96
355.993	305.79
356.252	218.04
356.511	262.81
356.77	261.02
357.029	354.14
357.288	302.21
357.547	361.31
357.806	230.57
358.065	311.16
358.324	218.04
358.583	268.18
358.842	164.31
359.101	139.24
359.36	164.31
359.619	160.73
359.877	124.91
360.136	234.16
360.395	139.24
360.654	173.27
360.913	139.24
361.171	56.86
361.43	130.29
361.689	175.06
361.947	74.77
362.206	164.31
362.465	198.34
362.723	153.57
362.982	164.31
363.241	182.22
363.499	173.27
363.758	151.78
364.016	239.53
364.275	130.29
364.533	178.64
364.792	124.91
365.05	207.29
365.309	200.13
365.567	139.24
365.826	108.8
366.084	182.22
366.343	115.96
366.601	47.91
366.86	207.29
367.118	253.86
367.376	103.42
367.635	214.46
367.893	141.03
368.151	141.03
368.409	246.69
368.668	132.08
368.926	148.19
369.184	15.67
369.442	205.5
369.701	132.08
369.959	225.2
370.217	141.03
370.475	160.73
370.733	105.21
370.991	189.38
371.25	38.95
371.508	148.19
371.766	99.84
372.024	151.78
372.282	85.51
372.54	228.78
372.798	144.61
373.056	205.5
373.314	124.91
373.572	248.48
373.83	169.68
374.088	149.99
374.345	198.34
374.603	296.84
374.861	123.12
375.119	234.16
375.377	119.54
375.635	244.9
375.893	160.73
376.15	124.91
376.408	133.87
376.666	184.01
376.924	225.2
377.181	132.08
377.439	257.44
377.697	273.55
377.954	130.29
378.212	139.24
378.47	139.24
378.727	194.76
378.985	121.33
379.243	142.82
379.5	110.59
379.758	271.76
380.015	246.69
380.273	76.56
380.53	226.99
380.788	332.65
381.045	126.7
381.303	160.73
381.56	90.89
381.818	155.36
382.075	78.35
382.332	148.19
382.59	110.59
382.847	162.52
383.105	295.05
383.362	130.29
383.619	209.08
383.876	64.02
384.134	151.78
384.391	31.79
384.648	135.66
384.905	185.8
385.163	51.49
385.42	196.55
385.677	171.48
385.934	155.36
386.191	72.98
386.449	160.73
386.706	132.08
386.963	76.56
387.22	219.83
387.477	110.59
387.734	228.78
387.991	46.11
388.248	155.36
388.505	72.98
388.762	149.99
389.019	144.61
389.276	171.48
389.533	69.4
389.79	146.4
390.047	216.25
390.304	167.89
390.56	47.91
390.817	137.45
391.074	157.15
391.331	81.93
391.588	164.31
391.844	216.25
392.101	-7.61
392.358	40.74
392.615	264.6
392.871	47.91
393.128	110.59
393.385	187.59
393.641	226.99
393.898	83.72
394.155	83.72
394.411	6.72
394.668	121.33
394.925	226.99
395.181	87.3
395.438	130.29
395.694	141.03
395.951	198.34
396.207	148.19
396.464	53.28
396.72	142.82
396.977	255.65
397.233	162.52
397.489	83.72
397.746	214.46
398.002	115.96
398.259	126.7
398.515	58.65
398.771	148.19
399.028	62.23
399.284	74.77
399.54	105.21
399.796	157.15
400.053	101.63
400.309	187.59
400.565	124.91
400.821	83.72
401.078	47.91
401.334	117.75
401.59	107
401.846	200.13
402.102	191.18
402.358	87.3
402.614	3.13
402.87	112.38
403.126	94.47
403.382	130.29
403.638	121.33
403.894	81.93
404.15	176.85
404.406	71.19
404.662	89.1
404.918	80.14
405.174	89.1
405.43	151.78
405.686	80.14
405.942	228.78
406.198	142.82
406.454	114.17
406.709	250.27
406.965	361.31
407.221	173.27
407.477	44.32
407.732	184.01
407.988	112.38
408.244	157.15
408.5	96.26
408.755	89.1
409.011	280.72
409.267	209.08
409.522	194.76
409.778	300.42
410.033	332.65
410.289	282.51
410.545	278.93
410.8	207.29
411.056	209.08
411.311	210.87
411.567	192.97
411.822	141.03
412.078	133.87
412.333	3.13
412.588	28.21
412.844	226.99
413.099	148.19
413.355	105.21
413.61	85.51
413.865	12.09
414.121	62.23
414.376	76.56
414.631	162.52
414.887	144.61
415.142	201.92
415.397	126.7
415.652	252.06
415.907	130.29
416.163	96.26
416.418	85.51
416.673	144.61
416.928	78.35
417.183	74.77
417.438	-0.45
417.693	148.19
417.949	28.21
418.204	87.3
418.459	46.11
418.714	40.74
418.969	30
419.224	187.59
419.479	124.91
419.734	17.46
419.989	72.98
420.243	38.95
420.498	78.35
420.753	85.51
421.008	53.28
421.263	117.75
421.518	96.26
421.773	83.72
422.027	4.92
422.282	175.06
422.537	71.19
422.792	114.17
423.047	33.58
423.301	65.81
423.556	85.51
423.811	176.85
424.065	76.56
424.32	8.51
424.575	110.59
424.829	166.1
425.084	133.87
425.338	-34.47
425.593	67.61
425.848	74.77
426.102	85.51
426.357	105.21
426.611	31.79
426.866	71.19
427.12	28.21
427.374	126.7
427.629	69.4
427.883	146.4
428.138	144.61
428.392	44.32
428.646	26.42
428.901	98.05
429.155	38.95
429.409	67.61
429.664	64.02
429.918	12.09
430.172	83.72
430.427	21.04
430.681	-0.45
430.935	37.16
431.189	72.98
431.443	69.4
431.698	40.74
431.952	55.07
432.206	-104.32
432.46	117.75
432.714	94.47
432.968	312.95
433.222	495.62
433.476	687.25
433.73	737.39
433.984	1023.93
434.238	800.07
434.492	601.28
434.746	402.5
435	398.92
435.254	345.19
435.508	413.24
435.762	248.48
436.016	289.67
436.27	201.92
436.523	64.02
436.777	76.56
437.031	44.32
437.285	49.7
437.539	28.21
437.792	33.58
438.046	19.25
438.3	-29.1
438.553	176.85
438.807	37.16
439.061	33.58
439.314	58.65
439.568	126.7
439.822	137.45
440.075	153.57
440.329	133.87
440.582	60.44
440.836	62.23
441.09	49.7
441.343	124.91
441.597	123.12
441.85	128.49
442.103	287.88
442.357	62.23
442.61	-4.03
442.864	17.46
443.117	30
443.371	121.33
443.624	44.32
443.877	17.46
444.131	210.87
444.384	13.88
444.637	1.34
444.89	128.49
445.144	13.88
445.397	-0.45
445.65	65.81
445.903	-18.36
446.157	22.83
446.41	26.42
446.663	108.8
446.916	17.46
447.169	107
447.422	-4.03
447.675	-27.31
447.928	164.31
448.181	178.64
448.435	101.63
448.688	56.86
448.941	-29.1
449.194	108.8
449.446	144.61
449.699	121.33
449.952	19.25
450.205	37.16
450.458	13.88
450.711	110.59
450.964	90.89
451.217	98.05
451.47	78.35
451.722	112.38
451.975	35.37
452.228	37.16
452.481	-63.13
452.733	58.65
452.986	94.47
453.239	108.8
453.492	38.95
453.744	71.19
453.997	218.04
454.25	46.11
454.502	96.26
454.755	81.93
455.007	76.56
455.26	160.73
455.513	78.35
455.765	81.93
456.018	74.77
456.27	126.7
456.523	21.04
456.775	44.32
457.028	135.66
457.28	239.53
457.532	37.16
457.785	133.87
458.037	135.66
458.29	76.56
458.542	24.62
458.794	117.75
459.047	15.67
459.299	90.89
459.551	166.1
459.803	218.04
460.056	78.35
460.308	103.42
460.56	83.72
460.812	38.95
461.064	-0.45
461.317	169.68
461.569	103.42
461.821	15.67
462.073	114.17
462.325	201.92
462.577	158.94
462.829	64.02
463.081	96.26
463.333	166.1
463.585	157.15
463.837	71.19
464.089	90.89
464.341	149.99
464.593	-0.45
464.845	105.21
465.097	137.45
465.349	-5.82
465.601	44.32
465.852	101.63
466.104	112.38
466.356	-29.1
466.608	107
466.86	103.42
467.111	3.13
467.363	148.19
467.615	58.65
467.867	144.61
468.118	-25.52
468.37	53.28
468.622	130.29
468.873	10.3
469.125	132.08
469.376	157.15
469.628	121.33
469.88	3.13
470.131	139.24
470.383	96.26
470.634	76.56
470.886	90.89
471.137	-7.61
471.389	17.46
471.64	-0.45
471.892	219.83
472.143	26.42
472.394	169.68
472.646	-43.43
472.897	15.67
473.148	123.12
473.4	-106.11
473.651	90.89
473.902	173.27
474.154	46.11
474.405	46.11
474.656	124.91
474.907	33.58
475.159	28.21
475.41	-39.85
475.661	-29.1
475.912	107
476.163	105.21
476.414	133.87
476.665	28.21
476.917	-38.06
477.168	30
477.419	51.49
477.67	12.09
477.921	87.3
478.172	30
478.423	99.84
478.674	135.66
478.925	47.91
479.176	135.66
479.426	203.71
479.677	87.3
479.928	98.05
480.179	65.81
480.43	198.34
480.681	85.51
480.932	67.61
481.182	65.81
481.433	117.75
481.684	119.54
481.935	44.32
482.185	53.28
482.436	110.59
482.687	121.33
482.937	-30.89
483.188	139.24
483.439	196.55
483.689	117.75
483.94	101.63
484.19	133.87
484.441	228.78
484.692	483.09
484.942	1145.71
485.193	2836.29
485.443	5230.68
485.694	7608.95
485.944	9161.63
486.194	9908.42
486.445	9263.71
486.695	6482.49
486.946	4813.4
487.196	3787.24
487.446	3248.19
487.697	3047.61
487.947	2755.7
488.197	2182.62
488.448	1616.71
488.698	1006.02
488.948	536.81
489.198	341.61
489.449	280.72
489.699	191.18
489.949	85.51
490.199	137.45
490.449	244.9
490.699	117.75
490.949	209.08
491.2	141.03
491.45	117.75
491.7	110.59
491.95	3.13
492.2	67.61
492.45	155.36
492.7	250.27
492.95	121.33
493.2	114.17
493.45	175.06
493.699	141.03
493.949	90.89
494.199	76.56
494.449	94.47
494.699	60.44
494.949	80.14
495.199	244.9
495.448	94.47
495.698	96.26
495.948	192.97
496.198	64.02
496.447	3.13
496.697	35.37
496.947	96.26
497.196	108.8
497.446	148.19
497.696	117.75
497.945	12.09
498.195	78.35
498.444	99.84
498.694	-12.98
498.944	99.84
499.193	1.34
499.443	72.98
499.692	19.25
499.942	28.21
500.191	40.74
500.44	142.82
500.69	24.62
500.939	37.16
501.189	123.12
501.438	98.05
501.687	90.89
501.937	167.89
502.186	24.62
502.435	121.33
502.685	87.3
502.934	108.8
503.183	74.77
503.432	157.15
503.682	22.83
503.931	49.7
504.18	99.84
504.429	96.26
504.678	76.56
504.927	3.13
505.176	58.65
505.426	162.52
505.675	64.02
505.924	58.65
506.173	135.66
506.422	135.66
506.671	-23.73
506.92	69.4
507.169	92.68
507.418	87.3
507.667	55.07
507.915	173.27
508.164	8.51
508.413	1.34
508.662	6.72
508.911	83.72
509.16	17.46
509.408	6.72
509.657	81.93
509.906	123.12
510.155	101.63
510.404	13.88
510.652	-48.8
510.901	24.62
511.15	56.86
511.398	3.13
511.647	37.16
511.896	146.4
512.144	6.72
512.393	94.47
512.641	38.95
512.89	42.53
513.138	10.3
513.387	-2.24
513.635	-4.03
513.884	13.88
514.132	90.89
514.381	-21.94
514.629	-34.47
514.878	-25.52
515.126	40.74
515.374	51.49
515.623	4.92
515.871	13.88
516.119	-18.36
516.368	30
516.616	-25.52
516.864	37.16
517.113	1.34
517.361	85.51
517.609	-43.43
517.857	31.79
518.105	89.1
518.354	-47.01
518.602	-48.8
518.85	19.25
519.098	78.35
519.346	128.49
519.594	31.79
519.842	85.51
520.09	12.09
520.338	55.07
520.586	8.51
520.834	46.11
521.082	98.05
521.33	123.12
521.578	8.51
521.826	128.49
522.074	-21.94
522.322	137.45
522.57	-11.19
522.817	64.02
523.065	148.19
523.313	115.96
523.561	28.21
523.809	121.33
524.056	51.49
524.304	26.42
524.552	56.86
524.8	26.42
525.047	-2.24
525.295	110.59
525.543	22.83
525.79	119.54
526.038	162.52
526.285	112.38
526.533	117.75
526.781	89.1
527.028	-70.29
527.276	108.8
527.523	-38.06
527.771	103.42
528.018	56.86
528.266	89.1
528.513	28.21
528.76	1.34
529.008	67.61
529.255	-27.31
529.502	60.44
529.75	65.81
529.997	139.24
530.244	78.35
530.492	110.59
530.739	56.86
530.986	42.53
531.234	110.59
531.481	-9.4
531.728	85.51
531.975	-2.24
532.222	-2.24
532.469	35.37
532.717	137.45
532.964	4.92
533.211	144.61
533.458	33.58
533.705	-59.55
533.952	135.66
534.199	26.42
534.446	38.95
534.693	133.87
534.94	101.63
535.187	51.49
535.434	-27.31
535.681	107
535.928	-27.31
536.174	78.35
536.421	-11.19
536.668	160.73
536.915	-12.98
537.162	3.13
537.409	-52.38
537.655	117.75
537.902	46.11
538.149	128.49
538.396	60.44
538.642	169.68
538.889	-0.45
539.136	53.28
539.382	33.58
539.629	24.62
539.875	-66.71
540.122	80.14
540.369	-29.1
540.615	72.98
540.862	71.19
541.108	26.42
541.355	117.75
541.601	90.89
541.848	85.51
542.094	37.16
542.341	-52.38
542.587	132.08
542.833	-23.73
543.08	30
543.326	46.11
543.572	51.49
543.819	117.75
544.065	162.52
544.311	24.62
544.558	81.93
544.804	60.44
545.05	192.97
545.296	12.09
545.542	71.19
545.789	71.19
546.035	135.66
546.281	-45.22
546.527	58.65
546.773	30
547.019	51.49
547.265	15.67
547.511	-34.47
547.757	139.24
548.003	49.7
548.249	6.72
548.495	71.19
548.741	53.28
548.987	64.02
549.233	44.32
549.479	90.89
549.725	58.65
549.971	17.46
550.217	112.38
550.463	99.84
550.708	40.74
550.954	-64.92
551.2	81.93
551.446	58.65
551.691	194.76
551.937	98.05
552.183	26.42
552.429	107
552.674	81.93
552.92	46.11
553.165	72.98
553.411	-9.4
553.657	90.89
553.902	28.21
554.148	71.19
554.393	10.3
554.639	126.7
554.884	90.89
555.13	4.92
555.375	94.47
555.621	-39.85
555.866	47.91
556.112	62.23
556.357	-20.15
556.602	64.02
556.848	135.66
557.093	-66.71
557.338	148.19
557.584	-14.77
557.829	55.07
558.074	26.42
558.32	-73.87
558.565	40.74
558.81	-52.38
559.055	55.07
559.3	-52.38
559.546	37.16
559.791	-16.57
560.036	115.96
560.281	-27.31
560.526	-81.04
560.771	13.88
561.016	26.42
561.261	31.79
561.506	64.02
561.751	-41.64
561.996	72.98
562.241	65.81
562.486	78.35
562.731	80.14
562.976	60.44
563.221	-32.68
563.466	81.93
563.71	65.81
563.955	-39.85
564.2	17.46
564.445	96.26
564.69	46.11
564.934	-29.1
565.179	-25.52
565.424	71.19
565.669	46.11
565.913	46.11
566.158	112.38
566.403	-21.94
566.647	-66.71
566.892	96.26
567.136	142.82
567.381	-5.82
567.626	133.87
567.87	33.58
568.115	24.62
568.359	37.16
568.604	192.97
568.848	101.63
569.093	158.94
569.337	-32.68
569.581	160.73
569.826	94.47
570.07	167.89
570.315	71.19
570.559	132.08
570.803	-7.61
571.048	71.19
571.292	60.44
571.536	37.16
571.78	107
572.025	320.12
572.269	76.56
572.513	117.75
572.757	-0.45
573.001	83.72
573.245	151.78
573.49	201.92
573.734	178.64
573.978	37.16
574.222	101.63
574.466	239.53
574.71	56.86
574.954	72.98
575.198	60.44
575.442	31.79
575.686	35.37
575.93	166.1
576.174	114.17
576.418	146.4
576.661	225.2
576.905	162.52
577.149	175.06
577.393	141.03
577.637	42.53
577.881	128.49
578.124	58.65
578.368	96.26
578.612	158.94
578.856	248.48
579.099	201.92
579.343	218.04
579.587	38.95
579.83	78.35
580.074	47.91
580.318	96.26
580.561	139.24
580.805	257.44
581.048	341.61
581.292	194.76
581.535	271.76
581.779	92.68
582.022	209.08
582.266	194.76
582.509	189.38
582.753	133.87
582.996	201.92
583.239	264.6
583.483	142.82
583.726	200.13
583.969	155.36
584.213	135.66
584.456	65.81
584.699	201.92
584.943	33.58
585.186	19.25
585.429	105.21
585.672	53.28
585.915	114.17
586.159	37.16
586.402	40.74
586.645	-12.98
586.888	175.06
587.131	94.47
587.374	89.1
587.617	133.87
587.86	142.82
588.103	35.37
588.346	146.4
588.589	207.29
588.832	166.1
589.075	205.5
589.318	51.49
589.561	139.24
589.804	141.03
590.047	121.33
590.29	130.29
590.532	-14.77
590.775	149.99
591.018	105.21
591.261	173.27
591.504	6.72
591.746	40.74
591.989	126.7
592.232	72.98
592.474	185.8
592.717	230.57
592.96	176.85
593.202	176.85
593.445	264.6
593.688	155.36
593.93	246.69
594.173	176.85
594.415	241.32
594.658	262.81
594.9	223.41
595.143	146.4
595.385	105.21
595.628	123.12
595.87	201.92
596.112	81.93
596.355	128.49
596.597	141.03
596.84	132.08
597.082	167.89
597.324	114.17
597.567	169.68
597.809	144.61
598.051	178.64
598.293	92.68
598.536	252.06
598.778	184.01
599.02	89.1
599.262	148.19
599.504	72.98
599.746	81.93
599.988	169.68
600.231	64.02
600.473	76.56
600.715	103.42
600.957	38.95
601.199	101.63
601.441	198.34
601.683	133.87
601.925	178.64
602.167	31.79
602.409	107
602.65	309.37
602.892	176.85
603.134	137.45
603.376	346.98
603.618	244.9
603.86	139.24
604.101	137.45
604.343	135.66
604.585	178.64
604.827	49.7
605.068	232.37
605.31	103.42
605.552	133.87
605.794	19.25
606.035	141.03
606.277	28.21
606.518	149.99
606.76	83.72
607.002	133.87
607.243	62.23
607.485	284.3
607.726	237.74
607.968	162.52
608.209	155.36
608.451	198.34
608.692	237.74
608.933	243.11
609.175	223.41
609.416	130.29
609.658	205.5
609.899	171.48
610.14	198.34
610.382	185.8
610.623	221.62
610.864	22.83
611.105	62.23
611.347	98.05
611.588	-55.96
611.829	87.3
612.07	46.11
612.311	101.63
612.553	58.65
612.794	132.08
613.035	185.8
613.276	160.73
613.517	124.91
613.758	293.25
613.999	42.53
614.24	101.63
614.481	114.17
614.722	74.77
614.963	180.43
615.204	90.89
615.445	71.19
615.686	44.32
615.927	139.24
616.167	171.48
616.408	101.63
616.649	101.63
616.89	189.38
617.131	56.86
617.372	26.42
617.612	117.75
617.853	103.42
618.094	17.46
618.334	62.23
618.575	-12.98
618.816	132.08
619.056	124.91
619.297	92.68
619.538	94.47
619.778	110.59
620.019	-7.61
620.259	46.11
620.5	58.65
620.74	92.68
620.981	182.22
621.221	69.4
621.462	38.95
621.702	53.28
621.943	-5.82
622.183	-21.94
622.423	33.58
622.664	21.04
622.904	81.93
623.144	85.51
623.385	-16.57
623.625	169.68
623.865	108.8
624.105	132.08
624.346	-2.24
624.586	26.42
624.826	22.83
625.066	117.75
625.306	81.93
625.546	115.96
625.787	87.3
626.027	10.3
626.267	103.42
626.507	149.99
626.747	56.86
626.987	-4.03
627.227	107
627.467	-50.59
627.707	55.07
627.947	-45.22
628.187	6.72
628.427	58.65
628.666	180.43
628.906	-52.38
629.146	-16.57
629.386	-59.55
629.626	38.95
629.866	13.88
630.105	-12.98
630.345	155.36
630.585	76.56
630.825	103.42
631.064	65.81
631.304	53.28
631.544	44.32
631.783	-52.38
632.023	49.7
632.262	-25.52
632.502	-11.19
632.742	-68.5
632.981	-30.89
633.221	80.14
633.46	124.91
633.7	64.02
633.939	107
634.179	65.81
634.418	42.53
634.657	-14.77
634.897	-23.73
635.136	130.29
635.376	92.68
635.615	205.5
635.854	-27.31
636.094	15.67
636.333	35.37
636.572	55.07
636.811	8.51
637.051	-7.61
637.29	-29.1
637.529	30
637.768	69.4
638.007	49.7
638.246	40.74
638.486	-84.62
638.725	46.11
638.964	-91.78
639.203	98.05
639.442	-55.96
639.681	-18.36
639.92	-25.52
640.159	-43.43
640.398	-45.22
640.637	67.61
640.876	160.73
641.114	-18.36
641.353	4.92
641.592	-27.31
641.831	-7.61
642.07	-32.68
642.309	-18.36
642.548	44.32
642.786	89.1
643.025	94.47
643.264	17.46
643.502	-7.61
643.741	71.19
643.98	142.82
644.219	-50.59
644.457	6.72
644.696	-77.46
644.934	94.47
645.173	105.21
645.412	83.72
645.65	-16.57
645.889	38.95
646.127	-0.45
646.366	126.7
646.604	112.38
646.842	8.51
647.081	35.37
647.319	-23.73
647.558	-48.8
647.796	76.56
648.034	10.3
648.273	94.47
648.511	30
648.749	-0.45
648.988	62.23
649.226	78.35
649.464	3.13
649.702	60.44
649.941	-9.4
650.179	-9.4
650.417	101.63
650.655	42.53
650.893	56.86
651.131	26.42
651.369	37.16
651.607	31.79
651.845	62.23
652.083	98.05
652.321	87.3
652.559	96.26
652.797	10.3
653.035	65.81
653.273	234.16
653.511	261.02
653.749	192.97
653.987	185.8
654.225	429.36
654.463	377.43
654.701	551.14
654.938	1315.84
655.176	3575.91
655.414	9374.74
655.652	19872.81
655.889	33504.89
656.127	45582.5
656.365	56304.42
656.602	60106.43
656.84	60323.13
657.078	59094.59
657.315	55631.06
657.553	46664.18
657.79	40234.97
658.028	33601.6
658.266	27410.57
658.503	22111.39
658.741	16916.09
658.978	11867.63
659.215	8002.94
659.453	5293.36
659.69	3475.63
659.928	2259.63
660.165	1484.18
660.402	1059.75
660.64	803.65
660.877	594.12
661.114	490.25
661.352	357.73
661.589	284.3
661.826	221.62
662.063	284.3
662.301	107
662.538	187.59
662.775	219.83
663.012	162.52
663.249	115.96
663.486	58.65
663.723	81.93
663.961	169.68
664.198	47.91
664.435	107
664.672	135.66
664.909	49.7
665.146	-34.47
665.383	98.05
665.619	76.56
665.856	-27.31
666.093	-38.06
666.33	21.04
666.567	76.56
666.804	-70.29
667.041	-14.77
667.278	-20.15
667.514	8.51
667.751	62.23
667.988	-4.03
668.225	44.32
668.461	60.44
668.698	-43.43
668.935	-16.57
669.171	128.49
669.408	85.51
669.644	99.84
669.881	44.32
670.118	-63.13
670.354	12.09
670.591	1.34
670.827	58.65
671.064	60.44
671.3	24.62
671.537	87.3
671.773	-0.45
672.01	85.51
672.246	3.13
672.482	-21.94
672.719	96.26
672.955	37.16
673.191	-63.13
673.428	146.4
673.664	-73.87
673.9	142.82
674.136	21.04
674.373	78.35
674.609	10.3
674.845	37.16
675.081	-23.73
675.317	33.58
675.553	-48.8
675.79	38.95
676.026	17.46
676.262	26.42
676.498	-84.62
676.734	-25.52
676.97	42.53
677.206	56.86
677.442	51.49
677.678	10.3
677.914	-64.92
678.15	51.49
678.386	26.42
678.621	-39.85
678.857	21.04
679.093	-23.73
679.329	-36.27
679.565	30
679.8	6.72
680.036	-52.38
680.272	72.98
680.508	33.58
680.743	17.46
680.979	33.58
681.215	-95.36
681.45	-14.77
681.686	-20.15
681.922	81.93
682.157	-41.64
682.393	-23.73
682.628	44.32
682.864	49.7
683.099	-32.68
683.335	110.59
683.57	-52.38
683.806	49.7
684.041	-2.24
684.277	24.62
684.512	6.72
684.747	76.56
684.983	101.63
685.218	44.32
685.453	-39.85
685.689	30
685.924	-9.4
686.159	157.15
686.394	-68.5
686.63	-14.77
686.865	35.37
687.1	19.25
687.335	26.42
687.57	35.37
687.806	-34.47
688.041	-73.87
688.276	19.25
688.511	51.49
688.746	22.83
688.981	-21.94
689.216	-81.04
689.451	-81.04
689.686	-54.17
689.921	31.79
690.156	-63.13
690.391	4.92
690.625	40.74
690.86	-11.19
691.095	-14.77
691.33	-0.45
691.565	-34.47
691.8	1.34
692.034	-61.34
692.269	12.09
692.504	44.32
692.739	-39.85
692.973	-93.57
693.208	-54.17
693.443	-27.31
693.677	60.44
693.912	-14.77
694.146	22.83
694.381	-7.61
694.616	-186.7
694.85	-14.77
695.085	-30.89
695.319	-64.92
695.554	-52.38
695.788	-16.57
696.023	-63.13
696.257	15.67
696.491	-55.96
696.726	-12.98
696.96	33.58
697.194	-50.59
697.429	42.53
697.663	-11.19
697.897	89.1
698.132	-34.47
698.366	-20.15
698.6	144.61
698.834	-43.43
699.068	-14.77
699.303	-61.34
699.537	-115.06
699.771	89.1
700.005	-38.06
700.239	123.12
700.473	24.62
700.707	51.49
700.941	-32.68
701.175	-116.85
701.409	28.21
701.643	-57.76
701.877	-11.19
702.111	-29.1
702.345	-138.34
702.579	55.07
702.813	4.92
703.047	-43.43
703.281	-9.4
703.514	-48.8
703.748	30
703.982	12.09
704.216	-23.73
704.449	101.63
704.683	-4.03
704.917	6.72
705.15	-88.2
705.384	-16.57
705.618	-61.34
705.851	114.17
706.085	-27.31
706.319	-16.57
706.552	4.92
706.786	-36.27
707.019	40.74
707.253	-32.68
707.486	1.34
707.72	76.56
707.953	44.32
708.187	-5.82
708.42	10.3
708.653	21.04
708.887	62.23
709.12	-4.03
709.353	-21.94
709.587	-89.99
709.82	-9.4
710.053	-34.47
710.286	-36.27
710.52	40.74
710.753	-100.74
710.986	58.65
711.219	-57.76
711.452	-2.24
711.686	-113.27
711.919	-16.57
712.152	-4.03
712.385	4.92
712.618	-73.87
712.851	31.79
713.084	1.34
713.317	-68.5
713.55	-16.57
713.783	-16.57
714.016	56.86
714.249	81.93
714.482	3.13
714.714	33.58
714.947	26.42
715.18	83.72
715.413	-143.72
715.646	-61.34
715.878	-38.06
716.111	-9.4
716.344	-70.29
716.577	101.63
716.809	-25.52
717.042	37.16
717.275	119.54
717.507	49.7
717.74	10.3
717.973	31.79
718.205	-21.94
718.438	26.42
718.67	-30.89
718.903	-14.77
719.135	35.37
719.368	19.25
719.6	90.89
719.833	-34.47
720.065	33.58
720.297	26.42
720.53	44.32
720.762	-52.38
720.995	-11.19
721.227	-34.47
721.459	15.67
721.691	6.72
721.924	33.58
722.156	-4.03
722.388	-29.1
722.62	107
722.853	-34.47
723.085	76.56
723.317	-75.66
723.549	-9.4
723.781	-95.36
724.013	-4.03
724.245	22.83
724.477	-97.15
724.709	8.51
724.941	12.09
725.173	-68.5
725.405	38.95
725.637	-18.36
725.869	124.91
726.101	33.58
726.333	38.95
726.565	6.72
726.797	-29.1
727.028	-7.61
727.26	123.12
727.492	-47.01
727.724	80.14
727.956	58.65
728.187	-12.98
728.419	-0.45
728.651	121.33
728.882	-54.17
729.114	117.75
729.346	-36.27
729.577	47.91
729.809	51.49
730.04	21.04
730.272	-104.32
730.503	-77.46
730.735	-16.57
730.966	38.95
731.198	-23.73
731.429	31.79
731.661	-64.92
731.892	58.65
732.124	71.19
732.355	-16.57
732.586	13.88
732.818	69.4
733.049	132.08
733.28	8.51
733.512	112.38
733.743	-2.24
733.974	44.32
734.205	-57.76
734.436	-125.81
734.668	33.58
734.899	-55.96
735.13	-82.83
735.361	19.25
735.592	-18.36
735.823	-20.15
736.054	60.44
736.285	-7.61
736.516	-81.04
736.747	21.04
736.978	178.64
737.209	-64.92
737.44	-5.82
737.671	-9.4
737.902	30
738.133	-73.87
738.364	-59.55
738.594	-54.17
738.825	90.89
739.056	31.79
739.287	-27.31
739.518	55.07
739.748	-0.45
739.979	-45.22
740.21	38.95
740.44	-68.5
740.671	51.49
740.902	-5.82
741.132	-16.57
741.363	-86.41
741.593	71.19
741.824	13.88
742.055	-4.03
742.285	-27.31
742.516	-73.87
742.746	-84.62
742.976	4.92
743.207	-0.45
743.437	-4.03
743.668	-27.31
743.898	-89.99
744.128	-45.22
744.359	-55.96
744.589	-61.34
744.819	13.88
745.05	-21.94
745.28	198.34
745.51	-36.27
745.74	85.51
745.971	65.81
746.201	90.89
746.431	-66.71
746.661	76.56
746.891	65.81
747.121	-57.76
747.351	47.91
747.581	22.83
747.811	-48.8
748.041	42.53
748.271	44.32
748.501	44.32
748.731	13.88
748.961	-14.77
749.191	-73.87
749.421	67.61
749.651	53.28
749.881	1.34
750.111	-66.71
750.34	76.56
750.57	-61.34
750.8	-32.68
751.03	42.53
751.259	-12.98
751.489	-91.78
751.719	6.72
751.949	-93.57
752.178	-5.82
752.408	17.46
752.637	-61.34
752.867	40.74
753.097	94.47
753.326	-111.48
753.556	17.46
753.785	-61.34
754.015	33.58
754.244	135.66
754.474	6.72
754.703	-14.77
754.932	42.53
755.162	-2.24
755.391	-2.24
755.621	-120.44
755.85	-109.69
756.079	51.49
756.309	30
756.538	1.34
756.767	-47.01
756.996	62.23
757.225	-32.68
757.455	-21.94
757.684	71.19
757.913	35.37
758.142	-63.13
758.371	-32.68
758.6	33.58
758.829	-84.62
759.058	98.05
759.287	-107.9
759.516	-43.43
759.745	-20.15
759.974	-4.03
760.203	-70.29
760.432	80.14
760.661	33.58
760.89	-18.36
761.119	200.13
761.348	-11.19
761.577	-36.27
761.805	-55.96
762.034	-86.41
762.263	-84.62
762.492	21.04
762.721	-34.47
762.949	6.72
763.178	-88.2
763.407	13.88
763.635	51.49
763.864	-147.3
764.092	33.58
764.321	-27.31
764.55	19.25
764.778	28.21
765.007	107
765.235	-73.87
765.464	24.62
765.692	-109.69
765.921	-5.82
766.149	-59.55
766.377	119.54
766.606	21.04
766.834	-2.24
767.062	35.37
767.291	55.07
767.519	40.74
767.747	-109.69
767.976	-95.36
768.204	-5.82
768.432	12.09
768.66	55.07
768.889	-73.87
769.117	72.98
769.345	-68.5
769.573	-102.53
769.801	-41.64
770.029	33.58
770.257	-4.03
770.485	56.86
770.713	115.96
770.941	35.37
771.169	-38.06
771.397	38.95
771.625	-38.06
771.853	3.13
772.081	-98.95
772.309	-27.31
772.537	-32.68
772.765	-5.82
772.992	3.13
773.22	78.35
773.448	-4.03
773.676	24.62
773.903	-172.37
774.131	-36.27
774.359	-45.22
774.586	-61.34
774.814	3.13
775.042	-2.24
775.269	-81.04
775.497	-95.36
775.725	-86.41
775.952	49.7
776.18	-106.11
776.407	65.81
776.635	-12.98
776.862	19.25
777.09	-20.15
777.317	164.31
777.544	24.62
777.772	110.59
777.999	151.78
778.227	121.33
778.454	166.1
778.681	96.26
778.908	139.24
779.136	192.97
779.363	155.36
779.59	121.33
779.817	78.35
780.045	-39.85
780.272	-59.55
780.499	69.4
780.726	-91.78
780.953	22.83
781.18	-0.45
781.407	-45.22
781.634	112.38
781.861	-50.59
782.088	-11.19
782.315	-2.24
782.542	4.92
782.769	-12.98
782.996	4.92
783.223	-0.45
783.45	-20.15
783.677	44.32
783.904	21.04
784.13	33.58
784.357	-66.71
784.584	-29.1
784.811	-154.46
785.038	26.42
785.264	-70.29
785.491	-63.13
785.718	-141.93
785.944	-7.61
786.171	-12.98
786.398	35.37
786.624	-122.23
786.851	-61.34
787.077	-66.71
787.304	-47.01
787.53	-70.29
787.757	-5.82
787.983	-4.03
788.21	1.34
788.436	10.3
788.663	-43.43
788.889	-75.66
789.115	-79.25
789.342	-50.59
789.568	-104.32
789.794	-38.06
790.021	89.1
790.247	-2.24
790.473	-41.64
790.699	-93.57
790.926	4.92
791.152	-154.46
791.378	-73.87
791.604	81.93
791.83	-27.31
792.056	-48.8
792.282	-50.59
792.508	-5.82
792.735	21.04
792.961	-32.68
793.187	-32.68
793.413	-91.78
793.638	35.37
793.864	-48.8
794.09	85.51
794.316	38.95
794.542	-18.36
794.768	-48.8
794.994	-43.43
795.22	-102.53
795.445	128.49
795.671	13.88
795.897	10.3
796.123	-5.82
796.348	37.16
796.574	-73.87
796.8	-70.29
797.025	-21.94
797.251	-93.57
797.477	-39.85
797.702	-30.89
797.928	-0.45
798.153	65.81
798.379	-81.04
798.604	71.19
798.83	-84.62
799.055	-52.38
799.281	13.88
799.506	15.67
799.732	-23.73
799.957	-79.25
800.182	-38.06
800.408	-16.57
800.633	-75.66
800.858	12.09
801.084	-30.89
801.309	-38.06
801.534	-109.69
801.759	53.28
801.985	-45.22
802.21	-55.96
802.435	115.96
802.66	44.32
802.885	-54.17
803.11	-12.98
803.335	-75.66
803.561	-82.83
803.786	3.13
804.011	10.3
804.236	-111.48
804.461	81.93
804.685	-4.03
804.91	-25.52
805.135	-64.92
805.36	-82.83
805.585	-50.59
805.81	17.46
806.035	-104.32
806.26	76.56
806.484	-104.32
806.709	33.58
806.934	-125.81
807.159	42.53
807.383	-84.62
807.608	-21.94
807.833	-55.96
808.057	74.77
808.282	15.67
808.507	-47.01
808.731	30
808.956	31.79
809.18	-39.85
809.405	-54.17
809.629	-39.85
809.854	-82.83
810.078	-158.04
810.303	-54.17
810.527	-64.92
810.751	-107.9
810.976	-97.15
811.2	-12.98
811.425	-97.15
811.649	4.92
811.873	-38.06
812.097	6.72
812.322	-29.1
812.546	56.86
812.77	76.56
812.994	80.14
813.219	-152.67
813.443	-41.64
813.667	-63.13
813.891	-127.6
814.115	-25.52
814.339	-41.64
814.563	-32.68
814.787	-75.66
815.011	-14.77
815.235	-61.34
815.459	-36.27
815.683	-132.97
815.907	17.46
816.131	-23.73
816.355	-57.76
816.579	-52.38
816.802	-72.08
817.026	21.04
817.25	-55.96
817.474	-20.15
817.698	-55.96
817.921	-38.06
818.145	-34.47
818.369	-57.76
818.592	-32.68
818.816	49.7
819.04	-48.8
819.263	-39.85
819.487	72.98
819.71	-25.52
819.934	-16.57
820.158	10.3
820.381	-21.94
820.605	64.02
820.828	-61.34
821.051	-84.62
821.275	-64.92
821.498	-59.55
821.722	37.16
821.945	-18.36
822.168	6.72
822.392	-88.2
822.615	76.56
822.838	-72.08
823.061	-82.83
823.285	-124.02
823.508	-2.24
823.731	-16.57
823.954	-124.02
824.177	-82.83
824.401	-23.73
824.624	-41.64
824.847	-45.22
825.07	-12.98
825.293	-107.9
825.516	-84.62
825.739	-154.46
825.962	-95.36
826.185	-54.17
826.408	33.58
826.631	-39.85
826.854	-14.77
827.077	-41.64
827.299	42.53
827.522	-59.55
827.745	-39.85
827.968	-66.71
828.191	-39.85
828.413	-113.27
828.636	-95.36
828.859	-111.48
829.082	-38.06
829.304	-25.52
829.527	42.53
829.75	33.58
829.972	56.86
830.195	19.25
830.417	6.72
830.64	-141.93
830.862	15.67
831.085	72.98
831.307	-81.04
831.53	-102.53
831.752	-115.06
831.975	-36.27
832.197	64.02
832.42	-41.64
832.642	-5.82
832.864	-63.13
833.087	-30.89
833.309	-48.8
833.531	-4.03
833.753	-75.66
833.976	-36.27
834.198	19.25
834.42	35.37
834.642	38.95
834.864	6.72
835.086	-63.13
835.309	-12.98
835.531	105.21
835.753	28.21
835.975	126.7
836.197	6.72
836.419	-7.61
836.641	-66.71
836.863	-41.64
837.085	-5.82
837.307	19.25
837.529	-145.51
837.75	47.91
837.972	35.37
838.194	-47.01
838.416	-34.47
838.638	-109.69
838.859	62.23
839.081	-95.36
839.303	-36.27
839.525	-29.1
839.746	-12.98
839.968	90.89
840.19	-27.31
840.411	-55.96
840.633	-45.22
840.855	-57.76
841.076	15.67
841.298	-97.15
841.519	67.61
841.741	47.91
841.962	-66.71
842.184	3.13
842.405	-43.43
842.626	-122.23
842.848	-27.31
843.069	-59.55
843.291	-86.41
843.512	1.34
843.733	-81.04
843.955	-93.57
844.176	30
844.397	-34.47
844.618	128.49
844.839	44.32
845.061	47.91
845.282	17.46
845.503	24.62
845.724	40.74
845.945	53.28
846.166	76.56
846.387	56.86
846.608	49.7
846.829	-16.57
847.05	10.3
847.271	80.14
847.492	-12.98
847.713	30
847.934	-20.15
848.155	-25.52
848.376	-82.83
848.597	17.46
848.818	-61.34
849.038	-68.5
849.259	-115.06
849.48	-47.01
849.701	-11.19
849.921	-186.7
850.142	71.19
850.363	8.51
850.584	-104.32
850.804	-4.03
851.025	-9.4
851.245	8.51
851.466	-107.9
851.687	-47.01
851.907	-86.41
852.128	40.74
852.348	-57.76
852.569	-48.8
852.789	-47.01
853.009	22.83
853.23	-34.47
853.45	-77.46
853.671	31.79
853.891	-68.5
854.111	21.04
854.332	-61.34
854.552	-111.48
854.772	-25.52
854.992	-0.45
855.213	-55.96
855.433	28.21
855.653	-64.92
855.873	-36.27
856.093	-55.96
856.313	-43.43
856.533	-38.06
856.753	12.09
856.974	15.67
857.194	35.37
857.414	-102.53
857.634	-23.73
857.854	26.42
858.073	-39.85
858.293	-98.95
858.513	-63.13
858.733	-91.78
858.953	-52.38
859.173	53.28
859.393	-82.83
859.612	28.21
859.832	-172.37
860.052	58.65
860.272	-14.77
860.491	-61.34
860.711	-188.49
860.931	-16.57
861.15	-68.5
861.37	-34.47
861.59	-29.1
861.809	-116.85
862.029	-55.96
862.248	-54.17
862.468	64.02
862.687	-41.64
862.907	-66.71
863.126	-21.94
863.346	-0.45
863.565	-120.44
863.785	-36.27
864.004	-134.76
864.223	-34.47
864.443	-120.44
864.662	-7.61
864.881	-55.96
865.1	-97.15
865.32	-57.76
865.539	-107.9
865.758	15.67
865.977	-82.83
866.196	-79.25
866.416	-149.09
866.635	-66.71
866.854	-47.01
867.073	-29.1
867.292	-48.8
867.511	24.62
867.73	-38.06
867.949	10.3
868.168	-30.89
868.387	21.04
868.606	-111.48
868.825	4.92
869.044	-11.19
869.262	-2.24
869.481	-59.55
869.7	-54.17
869.919	30
870.138	-4.03
870.356	-30.89
870.575	1.34
870.794	28.21
871.013	-75.66
871.231	-75.66
871.45	76.56
871.668	-36.27
871.887	12.09
872.106	-72.08
872.324	17.46
872.543	-63.13
872.761	-48.8
872.98	-38.06
873.198	-20.15
873.417	-11.19
873.635	-18.36
873.854	-29.1
874.072	-81.04
874.29	160.73
874.509	-39.85
874.727	-122.23
874.945	-30.89
875.164	-195.65
875.382	3.13
875.6	78.35
875.818	-9.4
876.037	115.96
876.255	-77.46
876.473	71.19
876.691	-2.24
876.909	-20.15
877.127	-93.57
877.345	85.51
877.563	-116.85
877.781	-81.04
877.999	-11.19
878.217	-20.15
878.435	-59.55
878.653	-88.2
878.871	-38.06
879.089	-97.15
879.307	-21.94
879.525	-41.64
879.743	-30.89
879.96	-88.2
880.178	-107.9
880.396	-5.82
880.614	-25.52
880.832	-55.96
881.049	40.74
881.267	-12.98
881.485	-0.45
881.702	-47.01
881.92	-168.79
882.137	-48.8
882.355	13.88
882.573	-48.8
882.79	-129.39
883.008	-79.25
883.225	-68.5
883.443	-95.36
883.66	-86.41
883.877	-16.57
884.095	8.51
884.312	-72.08
884.53	4.92
884.747	-34.47
884.964	-188.49
885.182	71.19
885.399	-59.55
885.616	-181.33
885.833	-100.74
886.051	-41.64
886.268	-95.36
886.485	-2.24
886.702	87.3
886.919	-45.22
887.136	-72.08
887.353	-48.8
887.57	-59.55
887.788	-68.5
888.005	58.65
888.222	-20.15
888.439	3.13
888.655	-2.24
888.872	-100.74
889.089	-4.03
889.306	-89.99
889.523	-11.19
889.74	-12.98
889.957	-63.13
890.174	-21.94
890.39	-4.03
890.607	10.3
890.824	-14.77
891.041	-111.48
891.257	-34.47
891.474	-75.66
891.691	-132.97
891.907	-12.98
892.124	-118.64
892.34	-18.36
892.557	-0.45
892.774	-61.34
892.99	71.19
893.207	-61.34
893.423	-64.92
893.64	62.23
893.856	-54.17
894.072	40.74
894.289	-36.27
894.505	-120.44
894.722	-113.27
894.938	-100.74
895.154	-34.47
895.37	-12.98
895.587	-75.66
895.803	-25.52
896.019	-77.46
896.235	-79.25
896.452	-97.15
896.668	-47.01
896.884	24.62
897.1	-125.81
897.316	-16.57
897.532	-39.85
897.748	-64.92
897.964	35.37
898.18	-150.88
898.396	8.51
898.612	-39.85
898.828	-63.13
899.044	-5.82
899.26	-77.46
899.476	-57.76
899.692	-11.19
899.908	-125.81
900.123	-89.99
900.339	-29.1
900.555	-27.31
900.771	-32.68
900.986	-21.94
901.202	-68.5
901.418	1.34
901.633	6.72
901.849	-54.17
902.065	26.42
902.28	60.44
902.496	-36.27
902.711	-98.95
902.927	-43.43
903.143	19.25
903.358	-72.08
903.573	26.42
903.789	-82.83
904.004	22.83
904.22	-30.89
904.435	-91.78
904.651	-5.82
904.866	-50.59
905.081	-122.23
905.296	-34.47
905.512	-11.19
905.727	-32.68
905.942	-84.62
906.157	-84.62
906.373	24.62
906.588	67.61
906.803	21.04
907.018	-7.61
907.233	-50.59
907.448	-79.25
907.663	-64.92
907.878	-113.27
908.093	-59.55
908.308	-141.93
908.523	-145.51
908.738	12.09
908.953	46.11
909.168	87.3
909.383	-47.01
909.598	-77.46
909.813	-2.24
910.027	-39.85
910.242	-43.43
910.457	-0.45
910.672	-140.14
910.887	1.34
911.101	-39.85
911.316	-12.98
911.531	47.91
911.745	-86.41
911.96	-72.08
912.174	-32.68
912.389	3.13
912.604	26.42
912.818	-27.31
913.033	26.42
913.247	-57.76
913.462	46.11
913.676	-41.64
913.89	-100.74
914.105	-59.55
914.319	22.83
914.534	-93.57
914.748	-47.01
914.962	-73.87
915.177	-84.62
915.391	-104.32
915.605	-30.89
915.819	-57.76
916.034	58.65
916.248	85.51
916.462	-79.25
916.676	-88.2
916.89	-73.87
917.104	-21.94
917.318	51.49
917.532	22.83
917.746	26.42
917.96	-84.62
918.174	-98.95
918.388	-57.76
918.602	-47.01
918.816	-95.36
919.03	-32.68
919.244	3.13
919.458	-138.34
919.672	-29.1
919.886	-23.73
920.099	3.13
920.313	-82.83
920.527	-95.36
920.741	-41.64
920.954	-27.31
921.168	60.44
921.382	28.21
921.595	-20.15
921.809	-154.46
922.023	-7.61
922.236	-107.9
922.45	-70.29
922.663	10.3
922.877	-11.19
923.09	-34.47
923.304	-77.46
923.517	-64.92
923.731	-79.25
923.944	-118.64
924.157	31.79
924.371	-43.43
924.584	-66.71
924.797	-109.69
925.011	-0.45
925.224	-39.85
925.437	-48.8
925.65	-5.82
925.864	-73.87
926.077	-131.18
926.29	-82.83
926.503	-104.32
926.716	-4.03
926.929	-38.06
927.142	-20.15
927.355	-50.59
927.568	-64.92
927.781	-18.36
927.994	-106.11
928.207	-79.25
928.42	-16.57
928.633	44.32
928.846	28.21
929.059	-68.5
929.272	4.92
929.485	-23.73
929.697	-82.83
929.91	12.09
930.123	-72.08
930.336	-66.71
930.549	-38.06
930.761	-129.39
930.974	-55.96
931.187	-45.22
931.399	4.92
931.612	-59.55
931.824	-34.47
932.037	-21.94
932.249	-5.82
932.462	22.83
932.675	19.25
932.887	-89.99
933.099	-181.33
933.312	-89.99
933.524	-32.68
933.737	-95.36
933.949	-79.25
934.161	-70.29
934.374	-11.19
934.586	-25.52
934.798	-12.98
935.011	-95.36
935.223	46.11
935.435	-61.34
935.647	-179.53
935.859	-132.97
936.072	-106.11
936.284	71.19
936.496	28.21
936.708	-55.96
936.92	-86.41
937.132	-82.83
937.344	-5.82
937.556	-48.8
937.768	-115.06
937.98	-30.89
938.192	-47.01
938.404	-75.66
938.616	-43.43
938.828	51.49
939.039	19.25
939.251	-57.76
939.463	-104.32
939.675	-73.87
939.887	67.61
940.098	-134.76
940.31	-55.96
940.522	-11.19
940.733	-163.42
940.945	3.13
941.157	-158.04
941.368	-47.01
941.58	38.95
941.791	-100.74
942.003	-68.5
942.214	-73.87
942.426	-122.23
942.637	-21.94
942.849	-84.62
943.06	-21.94
943.272	-48.8
943.483	-12.98
943.694	-9.4
943.906	-175.95
944.117	-12.98
944.328	-11.19
944.54	-72.08
944.751	44.32
944.962	-64.92
945.173	-32.68
945.384	-25.52
945.596	-91.78
945.807	-29.1
946.018	30
946.229	-183.12
946.44	-125.81
946.651	-125.81
946.862	-59.55
947.073	74.77
947.284	-29.1
947.495	-50.59
947.706	-11.19
947.917	55.07
948.128	-18.36
948.339	-77.46
948.549	-77.46
948.76	-18.36
948.971	-81.04
949.182	-57.76
949.393	-132.97
949.603	-122.23
949.814	-57.76
950.025	-12.98
950.235	-81.04
950.446	-136.55
950.657	-98.95
950.867	-141.93
951.078	-136.55
951.288	-55.96
951.499	-45.22
951.709	-4.03
951.92	-93.57
952.13	30
952.341	-68.5
952.551	-98.95
952.762	-93.57
952.972	-34.47
953.182	-72.08
953.393	10.3
953.603	-36.27
953.813	-109.69
954.024	-68.5
954.234	-27.31
954.444	-32.68
954.654	-41.64
954.865	-156.25
955.075	31.79
955.285	46.11
955.495	-100.74
955.705	-190.28
955.915	24.62
956.125	35.37
956.335	56.86
956.545	-102.53
956.755	157.15
956.965	-75.66
957.175	55.07
957.385	-138.34
957.595	-63.13
957.805	-38.06
958.015	42.53
958.224	-109.69
958.434	-27.31
958.644	-25.52
958.854	-52.38
959.064	-9.4
959.273	-55.96
959.483	-97.15
959.693	-47.01
959.902	-113.27
960.112	-95.36
960.322	-11.19
960.531	-104.32
960.741	-11.19
960.95	-93.57
961.16	-124.02
961.369	3.13
961.579	-79.25
961.788	-125.81
961.998	-70.29
962.207	-5.82
962.416	-61.34
962.626	-141.93
962.835	-93.57
963.044	-50.59
963.254	-115.06
963.463	-68.5
963.672	-72.08
963.881	-20.15
964.091	-59.55
964.3	-52.38
964.509	-89.99
964.718	-45.22
964.927	-54.17
965.136	-5.82
965.345	-109.69
965.554	-100.74
965.763	-95.36
965.972	81.93
966.181	-68.5
966.39	-102.53
966.599	44.32
966.808	4.92
967.017	-161.63
967.226	-111.48
967.435	-88.2
967.644	-129.39
967.852	-16.57
968.061	142.82
968.27	-68.5
968.479	-16.57
968.687	-59.55
968.896	15.67
969.105	-91.78
969.313	-111.48
969.522	-109.69
969.731	-98.95
969.939	-68.5
970.148	-36.27
970.356	-14.77
970.565	-38.06
970.773	-72.08
970.982	38.95
971.19	-127.6
971.399	-81.04
971.607	-9.4
971.815	-141.93
972.024	110.59
972.232	-158.04
972.44	-124.02
972.649	-34.47
972.857	-14.77
973.065	-132.97
973.273	-70.29
973.482	15.67
973.69	-143.72
973.898	-116.85
974.106	35.37
974.314	-82.83
974.522	10.3
974.73	15.67
974.938	-81.04
975.146	-30.89
975.354	46.11
975.562	35.37
975.77	-107.9
975.978	-34.47
976.186	-81.04
976.394	-61.34
976.602	-45.22
976.81	-20.15
977.018	21.04
977.225	-41.64
977.433	-18.36
977.641	-66.71
977.849	10.3
978.056	19.25
978.264	6.72
978.472	-50.59
978.679	-9.4
978.887	-115.06
979.094	-66.71
979.302	-30.89
979.51	-138.34
979.717	-124.02
979.925	-84.62
980.132	-12.98
980.339	-55.96
980.547	-120.44
980.754	-41.64
980.962	71.19
981.169	-36.27
981.376	42.53
981.584	6.72
981.791	71.19
981.998	-84.62
982.206	-34.47
982.413	1.34
982.62	-16.57
982.827	-220.72
983.034	21.04
983.242	-111.48
983.449	-47.01
983.656	-134.76
983.863	46.11
984.07	-149.09
984.277	-47.01
984.484	-21.94
984.691	-14.77
984.898	-136.55
985.105	-118.64
985.312	-132.97
985.519	-95.36
985.725	-30.89
985.932	12.09
986.139	-39.85
986.346	-18.36
986.553	-23.73
986.759	-152.67
986.966	-9.4
987.173	42.53
987.38	-47.01
987.586	-109.69
987.793	-81.04
988	-120.44
988.206	-131.18
988.413	-111.48
988.619	-63.13
988.826	-48.8
989.032	42.53
989.239	-59.55
989.445	-107.9
989.652	-14.77
989.858	-158.04
990.064	1.34
990.271	-45.22
990.477	-81.04
990.684	-2.24
990.89	-16.57
991.096	-47.01
991.302	-109.69
991.509	-116.85
991.715	-12.98
991.921	-88.2
992.127	-39.85
992.333	-170.58
992.539	-48.8
992.746	-54.17
992.952	-138.34
993.158	-54.17
993.364	-29.1
993.57	-86.41
993.776	-158.04
993.982	-9.4
994.188	17.46
994.394	-98.95
994.599	-145.51
994.805	-134.76
995.011	-41.64
995.217	-122.23
995.423	3.13
995.629	-45.22
995.834	-61.34
996.04	-82.83
996.246	-5.82
996.452	89.1
996.657	-73.87
996.863	-247.59
997.068	-29.1
997.274	46.11
997.48	13.88
997.685	-70.29
997.891	-100.74
998.096	-48.8
998.302	-36.27
998.507	-70.29
998.713	85.51
998.918	-45.22
999.123	-75.66
999.329	-84.62
999.534	-89.99
999.74	-70.29
999.945	-120.44
1000.15	-7.61
1000.355	-72.08
1000.561	-18.36
1000.766	-64.92
1000.971	-54.17
1001.176	-88.2
1001.381	-5.82
1001.586	-115.06
1001.792	-30.89
1001.997	-14.77
1002.202	26.42
1002.407	-29.1
1002.612	4.92
1002.817	-45.22
1003.022	-66.71
1003.227	-23.73
1003.432	-63.13
1003.637	-77.46
1003.841	-124.02
1004.046	-116.85
1004.251	-127.6
1004.456	-111.48
1004.661	49.7
1004.865	-124.02
1005.07	8.51
1005.275	46.11
1005.48	-201.02
1005.684	-59.55
1005.889	19.25
1006.094	-115.06
1006.298	-82.83
1006.503	-23.73
1006.707	-27.31
1006.912	8.51
1007.116	-106.11
1007.321	-18.36
1007.525	72.98
1007.73	-125.81
1007.934	-136.55
1008.139	-64.92
1008.343	-4.03
1008.547	-93.57
1008.752	-89.99
1008.956	33.58
1009.16	-127.6
1009.364	-57.76
1009.569	8.51
1009.773	-143.72
1009.977	-48.8
1010.181	-21.94
1010.385	-59.55
1010.589	-61.34
1010.794	-124.02
1010.998	-89.99
1011.202	-2.24
1011.406	8.51
1011.61	-122.23
1011.814	-206.4
1012.018	-161.63
1012.222	-84.62
1012.426	-43.43
1012.629	-45.22
1012.833	24.62
1013.037	-111.48
1013.241	-122.23
1013.445	-88.2
1013.649	-52.38
1013.852	-29.1
1014.056	6.72
1014.26	-88.2
1014.463	4.92
1014.667	-38.06
1014.871	-63.13
1015.074	-77.46
1015.278	-20.15
1015.482	-23.73
1015.685	47.91
1015.889	-64.92
1016.092	-143.72
1016.296	-64.92
1016.499	-63.13
1016.703	-66.71
1016.906	-152.67
1017.109	-66.71
1017.313	-63.13
1017.516	-50.59
1017.719	1.34
1017.923	-52.38
1018.126	-73.87
1018.329	-68.5
1018.532	-98.95
1018.736	-32.68
1018.939	-12.98
1019.142	-12.98
1019.345	-21.94
1019.548	-107.9
1019.751	-29.1
1019.954	6.72
1020.157	-50.59
1020.361	-81.04
1020.564	-63.13
1020.766	-113.27
1020.969	83.72
1021.172	-12.98
1021.375	-98.95
1021.578	-29.1
1021.781	-21.94
1021.984	-27.31
1022.187	-36.27
1022.389	-0.45
1022.592	65.81
1022.795	-20.15
1022.998	-100.74
1023.2	-52.38
1023.403	-134.76
1023.606	-47.01
1023.808	-107.9
1024.011	-66.71
1024.214	-45.22
1024.416	10.3
1024.619	-89.99
1024.821	-84.62
1025.024	-81.04
1025.226	-73.87
1025.429	-168.79
1025.631	3.13
1025.833	17.46
1026.036	-41.64
1026.238	-88.2
1026.441	-154.46
1026.643	38.95
1026.845	-82.83
1027.047	-54.17
1027.25	-145.51
1027.452	-32.68
1027.654	-36.27
1027.856	-175.95
1028.058	-21.94
1028.261	-170.58
1028.463	-150.88
1028.665	-16.57
1028.867	-29.1
1029.069	-2.24
1029.271	35.37
1029.473	19.25
1029.675	-59.55
1029.877	-106.11
1030.079	4.92
1030.281	-109.69
1030.482	-120.44
1030.684	-45.22
1030.886	-32.68
1031.088	-48.8
1031.29	-16.57
1031.491	3.13
1031.693	-66.71
1031.895	110.59
1032.097	-21.94
1032.298	-16.57
1032.5	-36.27
1032.701	-45.22
1032.903	-129.39
1033.105	-27.31
1033.306	4.92
1033.508	-5.82
1033.709	-170.58
1033.911	-55.96
1034.112	-25.52
1034.314	-23.73
1034.515	96.26
1034.716	-47.01
1034.918	-61.34
1035.119	-32.68
1035.32	-45.22
1035.522	-54.17
1035.723	-54.17
1035.924	-132.97
1036.125	-122.23
1036.327	-138.34
1036.528	42.53
1036.729	-190.28
1036.93	-57.76
1037.131	-77.46
1037.332	15.67
1037.533	-88.2
1037.734	-111.48
1037.935	-195.65
1038.136	-75.66
1038.337	-107.9
1038.538	-12.98
1038.739	-72.08
1038.94	-55.96
1039.141	-125.81
1039.342	-167
1039.543	-125.81
1039.744	19.25
1039.944	-104.32
1040.145	-39.85
1040.346	-102.53
1040.547	-79.25
1040.747	-109.69
1040.948	92.68
1041.149	-21.94
1041.349	-106.11
1041.55	-124.02
1041.75	-63.13
1041.951	-48.8
1042.152	-27.31
1042.352	-43.43
1042.553	-138.34
1042.753	-57.76
1042.953	-36.27
1043.154	-186.7
1043.354	-102.53
1043.555	-12.98
1043.755	-141.93
1043.955	22.83
1044.156	-66.71
1044.356	-2.24
1044.556	-82.83
1044.756	-68.5
1044.957	-50.59
1045.157	-52.38
1045.357	-120.44
1045.557	-140.14
1045.757	-29.1
1045.957	-77.46
1046.157	-109.69
1046.357	-147.3
1046.557	-50.59
1046.757	-73.87
1046.957	-86.41
1047.157	-66.71
1047.357	-118.64
1047.557	-55.96
1047.757	-149.09
1047.957	-102.53
1048.157	-95.36
1048.356	-72.08
1048.556	-0.45
1048.756	-50.59
1048.956	-12.98
1049.156	-66.71
1049.355	-20.15
1049.555	-45.22
1049.755	-27.31
1049.954	-143.72
1050.154	-27.31
1050.353	-68.5
1050.553	69.4
1050.752	-158.04
1050.952	-9.4
1051.151	-97.15
1051.351	-86.41
1051.55	8.51
1051.75	-52.38
1051.949	-81.04
1052.148	171.48
1052.348	-2.24
1052.547	-0.45
1052.746	-59.55
1052.946	-41.64
1053.145	-63.13
1053.344	-9.4
1053.543	-127.6
1053.743	-16.57
1053.942	-36.27
1054.141	-129.39
1054.34	-138.34
1054.539	-186.7
1054.738	22.83
1054.937	-77.46
1055.136	-81.04
1055.335	-59.55
1055.534	-45.22
1055.733	-82.83
1055.932	-82.83
1056.131	-82.83
