194.216	-290.27
194.484	-290.27
194.753	-290.27
195.022	-238.33
195.29	69.69
195.559	73.28
195.827	-37.76
196.096	-71.78
196.364	17.76
196.633	14.18
196.901	-109.39
197.17	82.23
197.438	-73.57
197.706	110.88
197.975	33.88
198.243	-39.55
198.512	-0.15
198.78	82.23
199.048	46.41
199.317	146.7
199.585	164.61
199.853	127
200.122	60.74
200.39	121.63
200.658	39.25
200.926	141.33
201.195	53.58
201.463	-89.69
201.731	58.95
201.999	24.92
202.267	125.21
202.536	82.23
202.804	139.54
203.072	73.28
203.34	75.07
203.608	21.34
203.876	-35.97
204.144	143.12
204.412	19.55
204.68	14.18
204.948	37.46
205.216	26.71
205.484	19.55
205.752	-14.48
206.02	-12.69
206.288	87.6
206.556	-107.6
206.824	100.14
207.092	69.69
207.36	159.24
207.628	62.53
207.896	73.28
208.164	8.81
208.431	3.43
208.699	80.44
208.967	-96.86
209.235	180.73
209.503	19.55
209.77	-21.64
210.038	62.53
210.306	-25.22
210.573	209.38
210.841	7.01
211.109	73.28
211.377	46.41
211.644	121.63
211.912	19.55
212.179	-73.57
212.447	-84.32
212.715	7.01
212.982	220.13
213.25	100.14
213.517	53.58
213.785	112.68
214.052	-5.52
214.32	71.49
214.587	37.46
214.855	82.23
215.122	-53.88
215.39	91.18
215.657	5.22
215.925	-1.94
216.192	21.34
216.459	114.47
216.727	125.21
216.994	-68.2
217.261	-18.06
217.529	137.75
217.796	127
218.063	128.79
218.331	57.16
218.598	17.76
218.865	73.28
219.132	28.5
219.399	-16.27
219.667	80.44
219.934	121.63
220.201	26.71
220.468	26.71
220.735	60.74
221.002	134.17
221.27	148.49
221.537	50
221.804	78.65
222.071	46.41
222.338	196.85
222.605	35.67
222.872	-37.76
223.139	98.35
223.406	82.23
223.673	28.5
223.94	162.82
224.207	71.49
224.474	50
224.741	42.83
225.007	37.46
225.274	128.79
225.541	1.64
225.808	1.64
226.075	159.24
226.342	26.71
226.609	-66.41
226.875	-27.01
227.142	159.24
227.409	105.51
227.676	189.68
227.942	71.49
228.209	-95.07
228.476	51.79
228.742	50
229.009	92.98
229.276	62.53
229.542	53.58
229.809	116.26
230.076	91.18
230.342	44.62
230.609	17.76
230.875	164.61
231.142	73.28
231.408	114.47
231.675	23.13
231.941	14.18
232.208	84.02
232.474	41.04
232.741	-34.18
233.007	5.22
233.274	202.22
233.54	110.88
233.807	7.01
234.073	58.95
234.339	75.07
234.606	44.62
234.872	103.72
235.138	91.18
235.405	-1.94
235.671	100.14
235.937	87.6
236.203	82.23
236.47	-3.73
236.736	32.09
237.002	37.46
237.268	19.55
237.535	28.5
237.801	92.98
238.067	24.92
238.333	105.51
238.599	78.65
238.865	-55.67
239.131	62.53
239.397	103.72
239.663	17.76
239.929	51.79
240.195	80.44
240.462	128.79
240.728	67.9
240.993	14.18
241.259	141.33
241.525	134.17
241.791	105.51
242.057	171.77
242.323	-23.43
242.589	110.88
242.855	96.56
243.121	35.67
243.387	-1.94
243.652	-7.31
243.918	35.67
244.184	-53.88
244.45	-12.69
244.716	125.21
244.981	51.79
245.247	-1.94
245.513	-53.88
245.779	134.17
246.044	60.74
246.31	227.29
246.576	75.07
246.841	57.16
247.107	32.09
247.373	57.16
247.638	232.66
247.904	304.3
248.169	109.09
248.435	-14.48
248.7	-23.43
248.966	153.87
249.231	57.16
249.497	48.2
249.762	80.44
250.028	85.81
250.293	50
250.559	19.55
250.824	-39.55
251.09	55.37
251.355	159.24
251.62	134.17
251.886	-28.8
252.151	14.18
252.416	21.34
252.682	119.84
252.947	35.67
253.212	127
253.477	127
253.743	144.91
254.008	107.3
254.273	-16.27
254.538	78.65
254.804	3.43
255.069	216.55
255.334	73.28
255.599	32.09
255.864	23.13
256.129	132.37
256.394	62.53
256.659	-109.39
256.925	-10.89
257.19	-23.43
257.455	92.98
257.72	132.37
257.985	107.3
258.25	75.07
258.515	53.58
258.78	23.13
259.044	-32.38
259.309	30.3
259.574	57.16
259.839	10.6
260.104	80.44
260.369	-7.31
260.634	-16.27
260.899	91.18
261.163	21.34
261.428	1.64
261.693	23.13
261.958	89.39
262.223	35.67
262.487	19.55
262.752	80.44
263.017	94.77
263.281	175.36
263.546	8.81
263.811	110.88
264.075	69.69
264.34	-55.67
264.605	57.16
264.869	166.4
265.134	17.76
265.398	-43.13
265.663	51.79
265.927	109.09
266.192	66.11
266.457	42.83
266.721	134.17
266.985	30.3
267.25	33.88
267.514	5.22
267.779	48.2
268.043	214.75
268.308	62.53
268.572	82.23
268.836	35.67
269.101	150.28
269.365	109.09
269.629	125.21
269.894	78.65
270.158	195.06
270.422	5.22
270.687	134.17
270.951	3.43
271.215	-34.18
271.479	30.3
271.743	3.43
272.008	71.49
272.272	50
272.536	69.69
272.8	109.09
273.064	53.58
273.328	30.3
273.592	19.55
273.856	89.39
274.12	-69.99
274.385	78.65
274.649	87.6
274.913	146.7
275.177	39.25
275.441	112.68
275.704	58.95
275.968	137.75
276.232	-7.31
276.496	-10.89
276.76	17.76
277.024	62.53
277.288	-44.92
277.552	8.81
277.816	71.49
278.079	92.98
278.343	157.45
278.607	71.49
278.871	84.02
279.135	98.35
279.398	55.37
279.662	123.42
279.926	-5.52
280.189	125.21
280.453	103.72
280.717	89.39
280.98	26.71
281.244	119.84
281.508	182.52
281.771	10.6
282.035	39.25
282.298	225.5
282.562	53.58
282.826	110.88
283.089	42.83
283.353	82.23
283.616	46.41
283.88	110.88
284.143	92.98
284.407	73.28
284.67	-25.22
284.933	161.03
285.197	-18.06
285.46	48.2
285.724	69.69
285.987	64.32
286.25	132.37
286.514	60.74
286.777	-7.31
287.04	28.5
287.303	-19.85
287.567	42.83
287.83	143.12
288.093	137.75
288.356	-19.85
288.62	101.93
288.883	62.53
289.146	116.26
289.409	23.13
289.672	19.55
289.935	127
290.198	75.07
290.461	180.73
290.725	141.33
290.988	17.76
291.251	28.5
291.514	-43.13
291.777	98.35
292.04	100.14
292.303	64.32
292.566	-27.01
292.829	177.15
293.091	261.32
293.354	116.26
293.617	51.79
293.88	44.62
294.143	-21.64
294.406	21.34
294.669	-30.59
294.932	15.97
295.194	101.93
295.457	80.44
295.72	76.86
295.983	153.87
296.245	-30.59
296.508	73.28
296.771	44.62
297.034	164.61
297.296	-3.73
297.559	21.34
297.822	-55.67
298.084	123.42
298.347	76.86
298.609	-3.73
298.872	76.86
299.135	37.46
299.397	12.39
299.66	-32.38
299.922	42.83
300.185	42.83
300.447	-1.94
300.71	150.28
300.972	114.47
301.235	5.22
301.497	-59.25
301.759	39.25
302.022	119.84
302.284	119.84
302.546	218.34
302.809	17.76
303.071	67.9
303.333	-7.31
303.596	7.01
303.858	67.9
304.12	-3.73
304.383	3.43
304.645	26.71
304.907	76.86
305.169	128.79
305.431	114.47
305.694	-35.97
305.956	110.88
306.218	-0.15
306.48	80.44
306.742	-5.52
307.004	-77.16
307.266	110.88
307.528	212.96
307.79	101.93
308.052	123.42
308.314	-34.18
308.576	178.94
308.838	78.65
309.1	48.2
309.362	48.2
309.624	80.44
309.886	134.17
310.148	41.04
310.41	71.49
310.672	85.81
310.934	76.86
311.196	96.56
311.457	96.56
311.719	19.55
311.981	73.28
312.243	128.79
312.504	-32.38
312.766	186.1
313.028	24.92
313.29	84.02
313.551	44.62
313.813	75.07
314.075	105.51
314.336	128.79
314.598	64.32
314.86	26.71
315.121	132.37
315.383	-7.31
315.644	44.62
315.906	-84.32
316.167	207.59
316.429	118.05
316.69	-12.69
316.952	41.04
317.213	69.69
317.475	202.22
317.736	89.39
317.998	-23.43
318.259	-7.31
318.521	14.18
318.782	76.86
319.043	71.49
319.305	-21.64
319.566	137.75
319.827	109.09
320.089	14.18
320.35	69.69
320.611	80.44
320.872	-23.43
321.134	58.95
321.395	19.55
321.656	125.21
321.917	-41.34
322.178	3.43
322.44	23.13
322.701	125.21
322.962	100.14
323.223	23.13
323.484	85.81
323.745	-41.34
324.006	50
324.267	91.18
324.528	80.44
324.789	23.13
325.05	-5.52
325.311	-37.76
325.572	-21.64
325.833	-5.52
326.094	-9.1
326.355	1.64
326.616	-3.73
326.877	48.2
327.138	55.37
327.398	-0.15
327.659	80.44
327.92	-0.15
328.181	32.09
328.442	132.37
328.702	148.49
328.963	173.56
329.224	69.69
329.485	35.67
329.745	64.32
330.006	32.09
330.267	73.28
330.527	78.65
330.788	-9.1
331.049	141.33
331.309	-57.46
331.57	73.28
331.83	51.79
332.091	-64.62
332.351	82.23
332.612	101.93
332.873	76.86
333.133	-9.1
333.393	112.68
333.654	3.43
333.914	112.68
334.175	132.37
334.435	182.52
334.696	39.25
334.956	-28.8
335.216	75.07
335.477	14.18
335.737	-35.97
335.997	-28.8
336.258	73.28
336.518	71.49
336.778	134.17
337.038	51.79
337.299	62.53
337.559	91.18
337.819	109.09
338.079	-18.06
338.34	-19.85
338.6	3.43
338.86	-50.29
339.12	69.69
339.38	135.96
339.64	1.64
339.9	92.98
340.16	87.6
340.42	57.16
340.68	76.86
340.94	44.62
341.2	91.18
341.46	-5.52
341.72	84.02
341.98	92.98
342.24	-12.69
342.5	110.88
342.76	-112.97
343.02	139.54
343.28	101.93
343.54	130.58
343.799	-21.64
344.059	33.88
344.319	39.25
344.579	298.93
344.839	55.37
345.098	62.53
345.358	50
345.618	-32.38
345.878	-64.62
346.137	157.45
346.397	118.05
346.657	87.6
346.916	67.9
347.176	84.02
347.435	-1.94
347.695	60.74
347.955	66.11
348.214	92.98
348.474	57.16
348.733	-10.89
348.993	39.25
349.252	94.77
349.512	162.82
349.771	-30.59
350.031	75.07
350.29	32.09
350.549	73.28
350.809	114.47
351.068	82.23
351.328	78.65
351.587	32.09
351.846	23.13
352.106	-12.69
352.365	35.67
352.624	62.53
352.883	64.32
353.143	-9.1
353.402	173.56
353.661	55.37
353.92	89.39
354.179	33.88
354.439	53.58
354.698	-1.94
354.957	-21.64
355.216	35.67
355.475	114.47
355.734	-46.71
355.993	150.28
356.252	-37.76
356.511	48.2
356.77	37.46
357.029	121.63
357.288	-16.27
357.547	53.58
357.806	100.14
358.065	91.18
358.324	127
358.583	157.45
358.842	10.6
359.101	5.22
359.36	39.25
359.619	-0.15
359.877	55.37
360.136	64.32
360.395	-86.11
360.654	39.25
360.913	84.02
361.171	-68.2
361.43	-37.76
361.689	-55.67
361.947	32.09
362.206	35.67
362.465	35.67
362.723	-18.06
362.982	-19.85
363.241	10.6
363.499	116.26
363.758	37.46
364.016	21.34
364.275	15.97
364.533	28.5
364.792	116.26
365.05	191.47
365.309	62.53
365.567	66.11
365.826	41.04
366.084	-5.52
366.343	7.01
366.601	32.09
366.86	76.86
367.118	71.49
367.376	55.37
367.635	66.11
367.893	24.92
368.151	85.81
368.409	23.13
368.668	-7.31
368.926	-1.94
369.184	39.25
369.442	80.44
369.701	91.18
369.959	44.62
370.217	-57.46
370.475	-28.8
370.733	55.37
370.991	39.25
371.25	30.3
371.508	23.13
371.766	19.55
372.024	-0.15
372.282	28.5
372.54	48.2
372.798	8.81
373.056	-28.8
373.314	69.69
373.572	134.17
373.83	60.74
374.088	-12.69
374.345	62.53
374.603	161.03
374.861	-3.73
375.119	-35.97
375.377	-19.85
375.635	89.39
375.893	64.32
376.15	110.88
376.408	33.88
376.666	76.86
376.924	71.49
377.181	112.68
377.439	7.01
377.697	114.47
377.954	7.01
378.212	87.6
378.47	85.81
378.727	109.09
378.985	-48.5
379.243	41.04
379.5	12.39
379.758	169.98
380.015	137.75
380.273	23.13
380.53	32.09
380.788	196.85
381.045	82.23
381.303	1.64
381.56	30.3
381.818	118.05
382.075	35.67
382.332	10.6
382.59	76.86
382.847	94.77
383.105	161.03
383.362	87.6
383.619	82.23
383.876	-0.15
384.134	51.79
384.391	-43.13
384.648	8.81
384.905	46.41
385.163	-73.57
385.42	76.86
385.677	-9.1
385.934	105.51
386.191	-35.97
386.449	75.07
386.706	32.09
386.963	-68.2
387.22	-18.06
387.477	-5.52
387.734	114.47
387.991	110.88
388.248	14.18
388.505	-50.29
388.762	73.28
389.019	-37.76
389.276	17.76
389.533	-9.1
389.79	80.44
390.047	98.35
390.304	71.49
390.56	-32.38
390.817	17.76
391.074	5.22
391.331	57.16
391.588	66.11
391.844	96.56
392.101	7.01
392.358	-35.97
392.615	162.82
392.871	94.77
393.128	60.74
393.385	84.02
393.641	94.77
393.898	71.49
394.155	37.46
394.411	46.41
394.668	103.72
394.925	198.64
395.181	12.39
395.438	48.2
395.694	100.14
395.951	118.05
396.207	75.07
396.464	28.5
396.72	17.76
396.977	119.84
397.233	139.54
397.489	-28.8
397.746	216.55
398.002	64.32
398.259	128.79
398.515	107.3
398.771	119.84
399.028	8.81
399.284	144.91
399.54	62.53
399.796	212.96
400.053	146.7
400.309	98.35
400.565	69.69
400.821	107.3
401.078	71.49
401.334	139.54
401.59	92.98
401.846	214.75
402.102	209.38
402.358	230.87
402.614	322.21
402.87	678.59
403.126	1531.04
403.382	5134.27
403.638	11567.06
403.894	17150.99
404.15	20859.87
404.406	22095.57
404.662	19591.94
404.918	14097.56
405.174	9378.62
405.43	6416.53
405.686	4351.66
405.942	3282.51
406.198	2351.26
406.454	1910.71
406.709	1980.55
406.965	2220.53
407.221	2200.83
407.477	2215.15
407.732	1887.42
407.988	1432.54
408.244	1076.16
408.5	657.1
408.755	485.18
409.011	476.22
409.267	359.82
409.522	248.78
409.778	196.85
410.033	207.59
410.289	229.08
410.545	116.26
410.8	132.37
411.056	53.58
411.311	177.15
411.567	238.04
411.822	134.17
412.078	114.47
412.333	118.05
412.588	57.16
412.844	84.02
413.099	139.54
413.355	184.31
413.61	57.16
413.865	51.79
414.121	107.3
414.376	146.7
414.631	218.34
414.887	349.07
415.142	546.07
415.397	495.92
415.652	572.93
415.907	512.04
416.163	447.57
416.418	327.58
416.673	349.07
416.928	263.11
417.183	196.85
417.438	85.81
417.693	275.64
417.949	132.37
418.204	196.85
418.459	153.87
418.714	288.18
418.969	461.89
419.224	683.96
419.479	612.33
419.734	469.06
419.989	470.85
420.243	490.55
420.498	325.79
420.753	261.32
421.008	211.17
421.263	204.01
421.518	89.39
421.773	211.17
422.027	139.54
422.282	293.55
422.537	92.98
422.792	128.79
423.047	82.23
423.301	7.01
423.556	66.11
423.811	205.8
424.065	101.93
424.32	67.9
424.575	180.73
424.829	245.2
425.084	261.32
425.338	187.89
425.593	257.74
425.848	409.96
426.102	316.83
426.357	257.74
426.611	302.51
426.866	381.31
427.12	130.58
427.374	338.32
427.629	281.02
427.883	248.78
428.138	220.13
428.392	284.6
428.646	33.88
428.901	288.18
429.155	135.96
429.409	157.45
429.664	243.41
429.918	204.01
430.172	270.27
430.427	252.36
430.681	302.51
430.935	295.34
431.189	358.02
431.443	354.44
431.698	223.71
431.952	159.24
432.206	173.56
432.46	223.71
432.714	386.68
432.968	467.27
433.222	710.83
433.476	879.17
433.73	1323.3
433.984	1824.74
434.238	3404.29
434.492	9826.34
434.746	24516.82
435	40899.68
435.254	51598.32
435.508	56668.27
435.762	55298.25
436.016	45516.54
436.27	32489.77
436.523	22204.82
436.777	15293.86
437.031	10927.72
437.285	8082.04
437.539	5752.12
437.792	3921.85
438.046	2802.56
438.3	1733.41
438.553	1054.67
438.807	567.56
439.061	332.95
439.314	270.27
439.568	298.93
439.822	263.11
440.075	302.51
440.329	250.57
440.582	110.88
440.836	46.41
441.09	128.79
441.343	209.38
441.597	94.77
441.85	358.02
442.103	272.06
442.357	109.09
442.61	37.46
442.864	119.84
443.117	94.77
443.371	173.56
443.624	187.89
443.877	8.81
444.131	175.36
444.384	80.44
444.637	112.68
444.89	141.33
445.144	84.02
445.397	35.67
445.65	84.02
445.903	17.76
446.157	21.34
446.41	96.56
446.663	187.89
446.916	103.72
447.169	60.74
447.422	1.64
447.675	85.81
447.928	159.24
448.181	157.45
448.435	153.87
448.688	51.79
448.941	116.26
449.194	169.98
449.446	44.62
449.699	132.37
449.952	44.62
450.205	12.39
450.458	42.83
450.711	112.68
450.964	182.52
451.217	152.07
451.47	78.65
451.722	87.6
451.975	7.01
452.228	75.07
452.481	84.02
452.733	173.56
452.986	73.28
453.239	134.17
453.492	139.54
453.744	71.49
453.997	212.96
454.25	101.93
454.502	-35.97
454.755	200.43
455.007	73.28
455.26	189.68
455.513	134.17
455.765	69.69
456.018	162.82
456.27	148.49
456.523	14.18
456.775	64.32
457.028	204.01
457.28	103.72
457.532	7.01
457.785	198.64
458.037	119.84
458.29	64.32
458.542	118.05
458.794	51.79
459.047	153.87
459.299	143.12
459.551	159.24
459.803	153.87
460.056	130.58
460.308	146.7
460.56	109.09
460.812	112.68
461.064	89.39
461.317	141.33
461.569	193.26
461.821	51.79
462.073	125.21
462.325	189.68
462.577	157.45
462.829	84.02
463.081	116.26
463.333	128.79
463.585	114.47
463.837	58.95
464.089	107.3
464.341	162.82
464.593	19.55
464.845	241.62
465.097	130.58
465.349	51.79
465.601	85.81
465.852	161.03
466.104	67.9
466.356	112.68
466.608	51.79
466.86	76.86
467.111	-10.89
467.363	175.36
467.615	100.14
467.867	155.66
468.118	35.67
468.37	150.28
468.622	175.36
468.873	58.95
469.125	146.7
469.376	238.04
469.628	144.91
469.88	103.72
470.131	191.47
470.383	161.03
470.634	105.51
470.886	84.02
471.137	53.58
471.389	24.92
471.64	89.39
471.892	118.05
472.143	75.07
472.394	135.96
472.646	42.83
472.897	82.23
473.148	225.5
473.4	-7.31
473.651	162.82
473.902	216.55
474.154	92.98
474.405	85.81
474.656	91.18
474.907	110.88
475.159	101.93
475.41	80.44
475.661	-9.1
475.912	132.37
476.163	121.63
476.414	94.77
476.665	1.64
476.917	50
477.168	114.47
477.419	66.11
477.67	23.13
477.921	162.82
478.172	48.2
478.423	130.58
478.674	105.51
478.925	209.38
479.176	171.77
479.426	175.36
479.677	109.09
479.928	67.9
480.179	76.86
480.43	155.66
480.681	143.12
480.932	62.53
481.182	71.49
481.433	182.52
481.684	200.43
481.935	55.37
482.185	39.25
482.436	152.07
482.687	171.77
482.937	87.6
483.188	121.63
483.439	204.01
483.689	127
483.94	116.26
484.19	66.11
484.441	191.47
484.692	157.45
484.942	50
485.193	-48.5
485.443	134.17
485.694	107.3
485.944	48.2
486.194	105.51
486.445	144.91
486.695	75.07
486.946	112.68
487.196	204.01
487.446	161.03
487.697	123.42
487.947	85.81
488.197	17.76
488.448	146.7
488.698	150.28
488.948	134.17
489.198	162.82
489.449	171.77
489.699	146.7
489.949	101.93
490.199	236.25
490.449	365.19
490.699	356.23
490.949	576.51
491.2	589.05
491.45	599.79
491.7	481.59
491.95	286.39
492.2	193.26
492.45	259.53
492.7	275.64
492.95	252.36
493.2	127
493.45	169.98
493.699	44.62
493.949	96.56
494.199	87.6
494.449	193.26
494.699	78.65
494.949	152.07
495.199	236.25
495.448	134.17
495.698	180.73
495.948	148.49
496.198	148.49
496.447	134.17
496.697	57.16
496.947	87.6
497.196	204.01
497.446	135.96
497.696	89.39
497.945	109.09
498.195	134.17
498.444	100.14
498.694	-1.94
498.944	135.96
499.193	137.75
499.443	128.79
499.692	112.68
499.942	57.16
500.191	98.35
500.44	152.07
500.69	109.09
500.939	103.72
501.189	137.75
501.438	218.34
501.687	51.79
501.937	241.62
502.186	60.74
502.435	227.29
502.685	107.3
502.934	87.6
503.183	110.88
503.432	146.7
503.682	75.07
503.931	112.68
504.18	184.31
504.429	96.56
504.678	164.61
504.927	82.23
505.176	139.54
505.426	171.77
505.675	132.37
505.924	33.88
506.173	128.79
506.422	229.08
506.671	94.77
506.92	182.52
507.169	110.88
507.418	127
507.667	130.58
507.915	227.29
508.164	10.6
508.413	153.87
508.662	121.63
508.911	112.68
509.16	110.88
509.408	42.83
509.657	150.28
509.906	173.56
510.155	60.74
510.404	164.61
510.652	123.42
510.901	180.73
511.15	166.4
511.398	57.16
511.647	159.24
511.896	184.31
512.144	177.15
512.393	134.17
512.641	127
512.89	112.68
513.138	125.21
513.387	128.79
513.635	107.3
513.884	182.52
514.132	189.68
514.381	21.34
514.629	130.58
514.878	80.44
515.126	89.39
515.374	118.05
515.623	169.98
515.871	101.93
516.119	144.91
516.368	125.21
516.616	100.14
516.864	164.61
517.113	144.91
517.361	141.33
517.609	153.87
517.857	134.17
518.105	173.56
518.354	66.11
518.602	143.12
518.85	132.37
519.098	168.19
519.346	216.55
519.594	141.33
519.842	116.26
520.09	125.21
520.338	118.05
520.586	84.02
520.834	110.88
521.082	162.82
521.33	204.01
521.578	139.54
521.826	128.79
522.074	14.18
522.322	171.77
522.57	89.39
522.817	139.54
523.065	177.15
523.313	169.98
523.561	148.49
523.809	125.21
524.056	46.41
524.304	153.87
524.552	17.76
524.8	92.98
525.047	143.12
525.295	232.66
525.543	-18.06
525.79	164.61
526.038	141.33
526.285	116.26
526.533	85.81
526.781	186.1
527.028	66.11
527.276	275.64
527.523	119.84
527.771	227.29
528.018	141.33
528.266	162.82
528.513	82.23
528.76	121.63
529.008	178.94
529.255	143.12
529.502	-0.15
529.75	64.32
529.997	309.67
530.244	76.86
530.492	127
530.739	101.93
530.986	177.15
531.234	144.91
531.481	-57.46
531.728	125.21
531.975	51.79
532.222	89.39
532.469	152.07
532.717	277.44
532.964	189.68
533.211	177.15
533.458	157.45
533.705	101.93
533.952	171.77
534.199	67.9
534.446	161.03
534.693	155.66
534.94	216.55
535.187	187.89
535.434	100.14
535.681	168.19
535.928	75.07
536.174	187.89
536.421	58.95
536.668	119.84
536.915	100.14
537.162	135.96
537.409	73.28
537.655	84.02
537.902	118.05
538.149	141.33
538.396	94.77
538.642	327.58
538.889	118.05
539.136	146.7
539.382	139.54
539.629	191.47
539.875	146.7
540.122	239.83
540.369	204.01
540.615	132.37
540.862	304.3
541.108	196.85
541.355	332.95
541.601	186.1
541.848	254.15
542.094	150.28
542.341	207.59
542.587	257.74
542.833	177.15
543.08	289.97
543.326	349.07
543.572	413.54
543.819	520.99
544.065	773.51
544.311	981.25
544.558	2102.33
544.804	8144.72
545.05	33546.38
545.296	60289.4
545.542	61020.07
545.789	61283.33
546.035	61543.01
546.281	61679.11
546.527	61822.38
546.773	61937
547.019	60808.75
547.265	36427.88
547.511	16588.66
547.757	12609.35
548.003	9561.29
548.249	7188.39
548.495	5478.11
548.741	3721.27
548.987	2587.65
549.233	1590.14
549.479	1049.3
549.725	820.07
549.971	630.24
550.217	467.27
550.463	460.1
550.708	418.91
550.954	322.21
551.2	338.32
551.446	273.85
551.691	338.32
551.937	257.74
552.183	295.34
552.429	284.6
552.674	223.71
552.92	298.93
553.165	177.15
553.411	227.29
553.657	221.92
553.902	155.66
554.148	207.59
554.393	146.7
554.639	289.97
554.884	245.2
555.13	211.17
555.375	374.14
555.621	189.68
555.866	189.68
556.112	263.11
556.357	150.28
556.602	137.75
556.848	196.85
557.093	107.3
557.338	207.59
557.584	109.09
557.829	177.15
558.074	85.81
558.32	169.98
558.565	123.42
558.81	141.33
559.055	139.54
559.3	130.58
559.546	39.25
559.791	84.02
560.036	200.43
560.281	207.59
560.526	73.28
560.771	196.85
561.016	146.7
561.261	66.11
561.506	91.18
561.751	105.51
561.996	60.74
562.241	107.3
562.486	230.87
562.731	85.81
562.976	96.56
563.221	82.23
563.466	109.09
563.71	112.68
563.955	19.55
564.2	75.07
564.445	200.43
564.69	123.42
564.934	171.77
565.179	107.3
565.424	186.1
565.669	162.82
565.913	84.02
566.158	127
566.403	134.17
566.647	51.79
566.892	178.94
567.136	121.63
567.381	146.7
567.626	161.03
567.87	105.51
568.115	105.51
568.359	169.98
568.604	139.54
568.848	121.63
569.093	150.28
569.337	121.63
569.581	196.85
569.826	125.21
570.07	112.68
570.315	98.35
570.559	130.58
570.803	50
571.048	103.72
571.292	24.92
571.536	211.17
571.78	80.44
572.025	284.6
572.269	53.58
572.513	125.21
572.757	-32.38
573.001	55.37
573.245	189.68
573.49	250.57
573.734	171.77
573.978	143.12
574.222	46.41
574.466	139.54
574.71	112.68
574.954	184.31
575.198	198.64
575.442	304.3
575.686	873.79
575.93	3735.6
576.174	7546.57
576.418	10415.54
576.661	12016.57
576.905	12476.82
577.149	10648.35
577.393	7521.49
577.637	5417.22
577.881	5318.73
578.124	7729.23
578.368	10501.5
578.612	12380.12
578.856	13021.25
579.099	12439.22
579.343	9704.56
579.587	6638.6
579.83	4668.64
580.074	3506.37
580.318	2657.5
580.561	1948.31
580.805	1568.65
581.048	1292.86
581.292	873.79
581.535	732.32
581.779	438.61
582.022	331.16
582.266	229.08
582.509	227.29
582.753	155.66
582.996	205.8
583.239	144.91
583.483	109.09
583.726	71.49
583.969	118.05
584.213	39.25
584.456	26.71
584.699	198.64
584.943	-34.18
585.186	78.65
585.429	7.01
585.672	89.39
585.915	175.36
586.159	162.82
586.402	91.18
586.645	58.95
586.888	92.98
587.131	39.25
587.374	-14.48
587.617	64.32
587.86	84.02
588.103	69.69
588.346	182.52
588.589	227.29
588.832	62.53
589.075	82.23
589.318	-10.89
589.561	75.07
589.804	110.88
590.047	164.61
590.29	17.76
590.532	82.23
590.775	175.36
591.018	182.52
591.261	248.78
591.504	32.09
591.746	57.16
591.989	168.19
592.232	-75.37
592.474	85.81
592.717	178.94
592.96	87.6
593.202	85.81
593.445	161.03
593.688	105.51
593.93	80.44
594.173	123.42
594.415	109.09
594.658	100.14
594.9	143.12
595.143	66.11
595.385	76.86
595.628	30.3
595.87	30.3
596.112	-16.27
596.355	58.95
596.597	-14.48
596.84	87.6
597.082	55.37
597.324	107.3
597.567	51.79
597.809	30.3
598.051	91.18
598.293	103.72
598.536	37.46
598.778	12.39
599.02	98.35
599.262	143.12
599.504	24.92
599.746	84.02
599.988	135.96
600.231	150.28
600.473	30.3
600.715	-3.73
600.957	28.5
601.199	66.11
601.441	195.06
601.683	73.28
601.925	85.81
602.167	-1.94
602.409	112.68
602.65	252.36
602.892	87.6
603.134	148.49
603.376	275.64
603.618	175.36
603.86	173.56
604.101	159.24
604.343	128.79
604.585	200.43
604.827	71.49
605.068	223.71
605.31	15.97
605.552	134.17
605.794	48.2
606.035	220.13
606.277	-62.83
606.518	123.42
606.76	118.05
607.002	57.16
607.243	-14.48
607.485	162.82
607.726	55.37
607.968	28.5
608.209	119.84
608.451	109.09
608.692	118.05
608.933	204.01
609.175	12.39
609.416	103.72
609.658	48.2
609.899	42.83
610.14	143.12
610.382	178.94
610.623	107.3
610.864	3.43
611.105	148.49
611.347	98.35
611.588	-44.92
611.829	48.2
612.07	50
612.311	92.98
612.553	-14.48
612.794	85.81
613.035	82.23
613.276	80.44
613.517	-5.52
613.758	212.96
613.999	19.55
614.24	92.98
614.481	91.18
614.722	58.95
614.963	164.61
615.204	24.92
615.445	69.69
615.686	3.43
615.927	109.09
616.167	127
616.408	89.39
616.649	89.39
616.89	64.32
617.131	51.79
617.372	17.76
617.612	118.05
617.853	32.09
618.094	-5.52
618.334	91.18
618.575	14.18
618.816	50
619.056	100.14
619.297	177.15
619.538	178.94
619.778	80.44
620.019	-9.1
620.259	44.62
620.5	14.18
620.74	55.37
620.981	84.02
621.221	3.43
621.462	66.11
621.702	58.95
621.943	118.05
622.183	-104.02
622.423	32.09
622.664	1.64
622.904	148.49
623.144	146.7
623.385	24.92
623.625	85.81
623.865	55.37
624.105	200.43
624.346	-18.06
624.586	17.76
624.826	-19.85
625.066	229.08
625.306	137.75
625.546	107.3
625.787	78.65
626.027	94.77
626.267	162.82
626.507	84.02
626.747	69.69
626.987	19.55
627.227	58.95
627.467	3.43
627.707	67.9
627.947	32.09
628.187	42.83
628.427	159.24
628.666	132.37
628.906	-39.55
629.146	-21.64
629.386	-73.57
629.626	5.22
629.866	7.01
630.105	14.18
630.345	134.17
630.585	125.21
630.825	78.65
631.064	187.89
631.304	130.58
631.544	96.56
631.783	-10.89
632.023	41.04
632.262	-12.69
632.502	69.69
632.742	7.01
632.981	14.18
633.221	39.25
633.46	91.18
633.7	67.9
633.939	101.93
634.179	26.71
634.418	85.81
634.657	50
634.897	-0.15
635.136	173.56
635.376	67.9
635.615	101.93
635.854	55.37
636.094	8.81
636.333	105.51
636.572	75.07
636.811	55.37
637.051	60.74
637.29	5.22
637.529	10.6
637.768	85.81
638.007	82.23
638.246	42.83
638.486	64.32
638.725	146.7
638.964	48.2
639.203	132.37
639.442	-27.01
639.681	76.86
639.92	42.83
640.159	-46.71
640.398	57.16
640.637	134.17
640.876	236.25
641.114	98.35
641.353	110.88
641.592	127
641.831	200.43
642.07	76.86
642.309	114.47
642.548	135.96
642.786	92.98
643.025	184.31
643.264	14.18
643.502	155.66
643.741	-34.18
643.98	137.75
644.219	-53.88
644.457	5.22
644.696	-18.06
644.934	94.77
645.173	162.82
645.412	-39.55
645.65	60.74
645.889	53.58
646.127	-66.41
646.366	218.34
646.604	150.28
646.842	32.09
647.081	53.58
647.319	57.16
647.558	-25.22
647.796	15.97
648.034	3.43
648.273	239.83
648.511	15.97
648.749	24.92
648.988	112.68
649.226	121.63
649.464	85.81
649.702	-23.43
649.941	-10.89
650.179	39.25
650.417	187.89
650.655	23.13
650.893	67.9
651.131	21.34
651.369	7.01
651.607	44.62
651.845	26.71
652.083	-0.15
652.321	87.6
652.559	101.93
652.797	8.81
653.035	-10.89
653.273	48.2
653.511	58.95
653.749	-34.18
653.987	30.3
654.225	135.96
654.463	7.01
654.701	5.22
654.938	101.93
655.176	12.39
655.414	5.22
655.652	119.84
655.889	10.6
656.127	-12.69
656.365	-0.15
656.602	-28.8
656.84	53.58
657.078	-10.89
657.315	80.44
657.553	30.3
657.79	-73.57
658.028	57.16
658.266	-3.73
658.503	98.35
658.741	80.44
658.978	32.09
659.215	19.55
659.453	-0.15
659.69	157.45
659.928	141.33
660.165	-0.15
660.402	-3.73
660.64	51.79
660.877	41.04
661.114	50
661.352	62.53
661.589	96.56
661.826	33.88
662.063	24.92
662.301	19.55
662.538	14.18
662.775	161.03
663.012	14.18
663.249	28.5
663.486	46.41
663.723	23.13
663.961	78.65
664.198	-62.83
664.435	-41.34
664.672	42.83
664.909	5.22
665.146	-48.5
665.383	87.6
665.619	-9.1
665.856	19.55
666.093	-32.38
666.33	-30.59
666.567	41.04
666.804	171.77
667.041	118.05
667.278	207.59
667.514	171.77
667.751	225.5
667.988	137.75
668.225	103.72
668.461	101.93
668.698	-41.34
668.935	128.79
669.171	144.91
669.408	53.58
669.644	116.26
669.881	80.44
670.118	26.71
670.354	37.46
670.591	71.49
670.827	-34.18
671.064	55.37
671.3	60.74
671.537	8.81
671.773	58.95
672.01	62.53
672.246	85.81
672.482	60.74
672.719	51.79
672.955	80.44
673.191	-78.95
673.428	155.66
673.664	-96.86
673.9	101.93
674.136	91.18
674.373	195.06
674.609	67.9
674.845	229.08
675.081	159.24
675.317	236.25
675.553	216.55
675.79	300.72
676.026	105.51
676.262	119.84
676.498	119.84
676.734	37.46
676.97	26.71
677.206	135.96
677.442	135.96
677.678	82.23
677.914	98.35
678.15	50
678.386	76.86
678.621	19.55
678.857	82.23
679.093	-86.11
679.329	58.95
679.565	67.9
679.8	17.76
680.036	82.23
680.272	44.62
680.508	41.04
680.743	-7.31
680.979	35.67
681.215	-61.04
681.45	-66.41
681.686	-46.71
681.922	62.53
682.157	-77.16
682.393	46.41
682.628	85.81
682.864	71.49
683.099	24.92
683.335	58.95
683.57	14.18
683.806	51.79
684.041	-9.1
684.277	75.07
684.512	-23.43
684.747	152.07
684.983	112.68
685.218	24.92
685.453	39.25
685.689	92.98
685.924	98.35
686.159	157.45
686.394	85.81
686.63	161.03
686.865	127
687.1	143.12
687.335	227.29
687.57	245.2
687.806	46.41
688.041	135.96
688.276	37.46
688.511	207.59
688.746	30.3
688.981	82.23
689.216	55.37
689.451	19.55
689.686	76.86
689.921	127
690.156	164.61
690.391	200.43
690.625	282.81
690.86	146.7
691.095	186.1
691.33	155.66
691.565	116.26
691.8	250.57
692.034	132.37
692.269	51.79
692.504	150.28
692.739	62.53
692.973	48.2
693.208	53.58
693.443	58.95
693.677	234.45
693.912	100.14
694.146	161.03
694.381	75.07
694.616	19.55
694.85	164.61
695.085	352.65
695.319	683.96
695.554	2847.33
695.788	6489.95
696.023	9231.77
696.257	10997.57
696.491	12027.32
696.726	10691.33
696.96	8153.67
697.194	5967.02
697.429	4779.68
697.663	3719.48
697.897	3058.65
698.132	2462.29
698.366	1975.18
698.6	1631.33
698.834	1140.63
699.068	814.7
699.303	569.35
699.537	415.33
699.771	368.77
700.005	119.84
700.239	261.32
700.473	135.96
700.707	119.84
700.941	78.65
701.175	50
701.409	-25.22
701.643	-41.34
701.877	21.34
702.111	51.79
702.345	30.3
702.579	139.54
702.813	137.75
703.047	180.73
703.281	184.31
703.514	162.82
703.748	53.58
703.982	155.66
704.216	94.77
704.449	171.77
704.683	100.14
704.917	85.81
705.15	121.63
705.384	241.62
705.618	886.33
705.851	3038.95
706.085	5299.03
706.319	6806.94
706.552	7808.03
706.786	7736.4
707.019	6541.89
707.253	4860.26
707.486	3576.21
707.72	2806.14
707.953	2365.59
708.187	2021.74
708.42	1683.27
708.653	1280.32
708.887	970.5
709.12	696.5
709.353	592.63
709.587	356.23
709.82	232.66
710.053	193.26
710.286	116.26
710.52	196.85
710.753	17.76
710.986	128.79
711.219	144.91
711.452	5.22
711.686	-0.15
711.919	-18.06
712.152	80.44
712.385	55.37
712.618	-0.15
712.851	76.86
713.084	82.23
713.317	58.95
713.55	103.72
713.783	363.4
714.016	734.11
714.249	1009.9
714.482	983.04
714.714	1174.66
714.947	956.17
715.18	820.07
715.413	513.83
715.646	452.94
715.878	384.89
716.111	315.04
716.344	268.48
716.577	243.41
716.809	180.73
717.042	225.5
717.275	234.45
717.507	96.56
717.74	169.98
717.973	76.86
718.205	100.14
718.438	64.32
718.67	-71.78
718.903	-21.64
719.135	82.23
719.368	41.04
719.6	12.39
719.833	62.53
720.065	62.53
720.297	96.56
720.53	39.25
720.762	118.05
720.995	71.49
721.227	24.92
721.459	-53.88
721.691	75.07
721.924	57.16
722.156	80.44
722.388	3.43
722.62	118.05
722.853	-64.62
723.085	-5.52
723.317	-30.59
723.549	24.92
723.781	24.92
724.013	30.3
724.245	55.37
724.477	-32.38
724.709	60.74
724.941	57.16
725.173	-19.85
725.405	57.16
725.637	50
725.869	171.77
726.101	127
726.333	732.32
726.565	1462.99
726.797	1953.69
727.028	2354.84
727.26	2696.9
727.492	2387.08
727.724	1889.22
727.956	1382.4
728.187	963.34
728.419	873.79
728.651	850.51
728.882	633.82
729.114	463.69
729.346	379.51
729.577	273.85
729.809	246.99
730.04	189.68
730.272	67.9
730.503	12.39
730.735	51.79
730.966	114.47
731.198	139.54
731.429	135.96
731.661	85.81
731.892	159.24
732.124	12.39
732.355	-39.55
732.586	191.47
732.818	58.95
733.049	84.02
733.28	53.58
733.512	118.05
733.743	46.41
733.974	159.24
734.205	96.56
734.436	60.74
734.668	132.37
734.899	85.81
735.13	48.2
735.361	17.76
735.592	100.14
735.823	24.92
736.054	191.47
736.285	150.28
736.516	64.32
736.747	366.98
736.978	497.71
737.209	848.72
737.44	2870.61
737.671	6459.51
737.902	9418.02
738.133	11289.48
738.364	12263.71
738.594	11142.63
738.825	8638.99
739.056	6264.3
739.287	5030.4
739.518	3884.24
739.748	3184.01
739.979	2741.67
740.21	2206.2
740.44	1692.22
740.671	1326.88
740.902	945.43
741.132	694.71
741.363	445.78
741.593	356.23
741.824	212.96
742.055	234.45
742.285	26.71
742.516	-59.25
742.746	50
742.976	78.65
743.207	75.07
743.437	89.39
743.668	14.18
743.898	30.3
744.128	48.2
744.359	32.09
744.589	-0.15
744.819	137.75
745.05	155.66
745.28	100.14
745.51	3.43
745.74	98.35
745.971	137.75
746.201	107.3
746.431	44.62
746.661	103.72
746.891	89.39
747.121	84.02
747.351	187.89
747.581	116.26
747.811	118.05
748.041	67.9
748.271	100.14
748.501	112.68
748.731	137.75
748.961	383.1
749.191	744.85
749.421	3013.88
749.651	6948.42
749.881	10234.66
750.111	12528.76
750.34	14765.55
750.57	16099.75
750.8	17559.31
751.03	17879.87
751.259	18386.69
751.489	17792.12
751.719	15626.96
751.949	11481.1
752.178	9188.79
752.408	6987.82
752.637	5762.86
752.867	4541.49
753.097	3699.78
753.326	2879.57
753.556	2313.65
753.785	1615.21
754.015	1165.71
754.244	834.39
754.474	506.67
754.703	463.69
754.932	254.15
755.162	175.36
755.391	257.74
755.621	64.32
755.85	-0.15
756.079	200.43
756.309	78.65
756.538	84.02
756.767	112.68
756.996	51.79
757.225	-34.18
757.455	23.13
757.684	143.12
757.913	24.92
758.142	8.81
758.371	91.18
758.6	44.62
758.829	8.81
759.058	53.58
759.287	-9.1
759.516	100.14
759.745	-19.85
759.974	80.44
760.203	42.83
760.432	146.7
760.661	76.86
760.89	169.98
761.119	166.4
761.348	137.75
761.577	225.5
761.805	189.68
762.034	494.13
762.263	1495.23
762.492	6058.36
762.721	17528.86
762.949	29416.64
763.178	37330.48
763.407	41322.32
763.635	41916.89
763.864	33806.05
764.092	25057.67
764.321	19368.08
764.55	15200.73
764.778	12596.81
765.007	10585.67
765.235	8769.73
765.464	7317.33
765.692	5657.2
765.921	4323
766.149	2861.66
766.377	2089.79
766.606	1210.48
766.834	805.74
767.062	594.42
767.291	429.66
767.519	250.57
767.747	180.73
767.976	92.98
768.204	155.66
768.432	105.51
768.66	166.4
768.889	73.28
769.117	184.31
769.345	57.16
769.573	7.01
769.801	119.84
770.029	51.79
770.257	85.81
770.485	109.09
770.713	216.55
770.941	246.99
771.169	581.88
771.397	2301.12
771.625	6215.95
771.853	10510.45
772.081	13005.13
772.309	14686.75
772.537	14604.37
772.765	12091.79
772.992	8791.22
773.22	6952
773.448	5406.48
773.676	4555.82
773.903	3680.08
774.131	3346.98
774.359	2657.5
774.586	2041.44
774.814	1505.97
775.042	1088.7
775.269	768.13
775.497	456.52
775.725	331.16
775.952	191.47
776.18	101.93
776.407	245.2
776.635	28.5
776.862	144.91
777.09	46.41
777.317	55.37
777.544	-37.76
777.772	19.55
777.999	44.62
778.227	-0.15
778.454	24.92
778.681	71.49
778.908	14.18
779.136	-102.23
779.363	8.81
779.59	60.74
779.817	-5.52
780.045	94.77
780.272	-0.15
780.499	62.53
780.726	-35.97
780.953	62.53
781.18	-1.94
781.407	80.44
781.634	89.39
781.861	-41.34
782.088	110.88
782.315	67.9
782.542	33.88
782.769	-14.48
782.996	55.37
783.223	153.87
783.45	7.01
783.677	121.63
783.904	109.09
784.13	-7.31
784.357	-7.31
784.584	55.37
784.811	-95.07
785.038	109.09
785.264	-30.59
785.491	19.55
785.718	-14.48
785.944	-39.55
786.171	94.77
786.398	92.98
786.624	-21.64
786.851	98.35
787.077	67.9
787.304	-19.85
787.53	48.2
787.757	76.86
787.983	-14.48
788.21	-21.64
788.436	180.73
788.663	96.56
788.889	82.23
789.115	-77.16
789.342	15.97
789.568	-9.1
789.794	17.76
790.021	64.32
790.247	51.79
790.473	94.77
790.699	14.18
790.926	64.32
791.152	-73.57
791.378	-27.01
791.604	55.37
791.83	105.51
792.056	5.22
792.282	21.34
792.508	37.46
792.735	171.77
792.961	-28.8
793.187	39.25
793.413	198.64
793.638	563.97
793.864	2111.28
794.09	5281.12
794.316	8348.87
794.542	10093.18
794.768	10942.05
794.994	10630.44
795.22	8071.29
795.445	6142.53
795.671	4887.13
795.897	4018.56
796.123	3192.97
796.348	2721.97
796.574	2238.43
796.8	1706.55
797.025	1402.1
797.251	1049.3
797.477	750.22
797.702	555.02
797.928	452.94
798.153	311.46
798.379	182.52
798.604	261.32
798.83	128.79
799.055	155.66
799.281	293.55
799.506	612.33
799.732	1908.92
799.957	4288.98
800.182	5813.01
800.408	7852.8
800.633	11010.1
800.858	14466.48
801.084	15064.63
801.309	15795.3
801.534	15256.25
801.759	13386.58
801.985	10060.94
802.21	8261.12
802.435	6301.91
802.66	5236.35
802.885	4287.19
803.11	3502.79
803.335	2723.76
803.561	2080.84
803.786	1674.31
804.011	1224.8
804.236	843.35
804.461	721.57
804.685	465.48
804.91	476.22
805.135	144.91
805.36	168.19
805.585	125.21
805.81	230.87
806.035	50
806.26	109.09
806.484	64.32
806.709	161.03
806.934	105.51
807.159	112.68
807.383	80.44
807.608	134.17
807.833	110.88
808.057	161.03
808.282	221.92
808.507	137.75
808.731	232.66
808.956	358.02
809.18	787.83
809.405	2594.82
809.629	6219.53
809.854	9627.55
810.078	11688.84
810.303	14002.64
810.527	17444.69
810.751	24493.54
810.976	32119.06
811.2	37074.39
811.425	39434.75
811.649	39017.48
811.873	31653.43
812.097	23829.13
812.322	18872.01
812.546	14951.8
812.77	11962.84
812.994	9989.31
813.219	7718.49
813.443	6285.8
813.667	4822.66
813.891	3819.77
814.115	2929.71
814.339	2216.94
814.563	1590.14
814.787	1033.18
815.011	836.19
815.235	585.46
815.459	372.35
815.683	255.94
815.907	230.87
816.131	53.58
816.355	164.61
816.579	137.75
816.802	42.83
817.026	234.45
817.25	57.16
817.474	141.33
817.698	62.53
817.921	37.46
818.145	24.92
818.369	48.2
818.592	89.39
818.816	96.56
819.04	19.55
819.263	39.25
819.487	-0.15
819.71	-35.97
819.934	85.81
820.158	161.03
820.381	78.65
820.605	-41.34
820.828	26.71
821.051	-44.92
821.275	-10.89
821.498	8.81
821.722	55.37
821.945	-10.89
822.168	28.5
822.392	3.43
822.615	223.71
822.838	-43.13
823.061	-21.64
823.285	-62.83
823.508	60.74
823.731	-12.69
823.954	-5.52
824.177	30.3
824.401	127
824.624	46.41
824.847	19.55
825.07	148.49
825.293	388.47
825.516	1439.71
825.739	3509.95
825.962	5483.49
826.185	6658.3
826.408	7025.42
826.631	6828.43
826.854	5359.92
827.077	3982.74
827.299	3158.94
827.522	2553.63
827.745	2014.58
827.968	1545.37
828.191	1513.13
828.413	1043.93
828.636	873.79
828.859	617.7
829.082	590.84
829.304	442.19
829.527	418.91
829.75	313.25
829.972	202.22
830.195	89.39
830.417	53.58
830.64	10.6
830.862	32.09
831.085	184.31
831.307	75.07
831.53	-46.71
831.752	-39.55
831.975	67.9
832.197	35.67
832.42	53.58
832.642	-14.48
832.864	39.25
833.087	-39.55
833.309	-44.92
833.531	75.07
833.753	-91.48
833.976	-7.31
834.198	39.25
834.42	10.6
834.642	21.34
834.864	26.71
835.086	116.26
835.309	92.98
835.531	125.21
835.753	80.44
835.975	135.96
836.197	23.13
836.419	23.13
836.641	-7.31
836.863	-55.67
837.085	-59.25
837.307	44.62
837.529	12.39
837.75	-52.08
837.972	-41.34
838.194	82.23
838.416	51.79
838.638	-53.88
838.859	196.85
839.081	51.79
839.303	153.87
839.525	230.87
839.746	995.57
839.968	3055.07
840.19	6233.86
840.411	8252.17
840.633	9665.16
840.855	9930.21
841.076	9122.53
841.298	7279.73
841.519	7945.93
841.741	11312.76
841.962	14582.88
842.184	15695.01
842.405	16552.84
842.626	15431.75
842.848	12680.98
843.069	9455.63
843.291	7519.7
843.512	5913.29
843.733	4700.88
843.955	3454.43
844.176	2867.03
844.397	2195.45
844.618	2012.79
844.839	1577.6
845.061	1355.54
845.282	1018.85
845.503	820.07
845.724	660.68
845.945	413.54
846.166	309.67
846.387	238.04
846.608	332.95
846.829	162.82
847.05	164.61
847.271	119.84
847.492	127
847.713	42.83
847.934	3.43
848.155	141.33
848.376	53.58
848.597	64.32
848.818	62.53
849.038	46.41
849.259	-25.22
849.48	21.34
849.701	37.46
849.921	10.6
850.142	107.3
850.363	82.23
850.584	-62.83
850.804	191.47
851.025	361.61
851.245	1362.7
851.466	2736.3
851.687	3973.79
851.907	4591.63
852.128	4856.68
852.348	4493.14
852.569	3526.07
852.789	2600.19
853.009	2165.01
853.23	1574.02
853.45	1280.32
853.671	954.38
853.891	717.99
854.111	649.94
854.332	512.04
854.552	418.91
854.772	359.82
854.992	316.83
855.213	232.66
855.433	168.19
855.653	196.85
855.873	73.28
856.093	58.95
856.313	67.9
856.533	143.12
856.753	78.65
856.974	15.97
857.194	141.33
857.414	-93.27
857.634	58.95
857.854	101.93
858.073	-30.59
858.293	-61.04
858.513	-48.5
858.733	-23.43
858.953	-41.34
859.173	67.9
859.393	-189.98
859.612	-1.94
859.832	-89.69
860.052	51.79
860.272	32.09
860.491	32.09
860.711	-53.88
860.931	32.09
861.15	51.79
861.37	7.01
861.59	28.5
861.809	10.6
862.029	89.39
862.248	-48.5
862.468	116.26
862.687	33.88
862.907	-32.38
863.126	96.56
863.346	73.28
863.565	-12.69
863.785	24.92
864.004	-82.53
864.223	-57.46
864.443	-16.27
864.662	44.62
864.881	17.76
865.1	-0.15
865.32	15.97
865.539	-10.89
865.758	166.4
865.977	311.46
866.196	606.95
866.416	692.92
866.635	848.72
866.854	793.2
867.073	716.2
867.292	411.75
867.511	393.84
867.73	275.64
867.949	254.15
868.168	127
868.387	146.7
868.606	187.89
868.825	39.25
869.044	121.63
869.262	121.63
869.481	-46.71
869.7	48.2
869.919	103.72
870.138	-5.52
870.356	8.81
870.575	64.32
870.794	10.6
871.013	-28.8
871.231	-73.57
871.45	87.6
871.668	-34.18
871.887	10.6
872.106	-62.83
872.324	103.72
872.543	-23.43
872.761	8.81
872.98	-104.02
873.198	15.97
873.417	-18.06
873.635	21.34
873.854	5.22
874.072	-0.15
874.29	58.95
874.509	-82.53
874.727	-87.9
874.945	39.25
875.164	-181.03
875.382	41.04
875.6	17.76
875.818	100.14
876.037	118.05
876.255	24.92
876.473	35.67
876.691	-28.8
876.909	37.46
877.127	-25.22
877.345	85.81
877.563	-41.34
877.781	8.81
877.999	26.71
878.217	-25.22
878.435	12.39
878.653	-73.57
878.871	5.22
879.089	-7.31
879.307	28.5
879.525	39.25
879.743	103.72
879.96	-50.29
880.178	-27.01
880.396	-27.01
880.614	3.43
880.832	-14.48
881.049	87.6
881.267	-5.52
881.485	-44.92
881.702	10.6
881.92	-30.59
882.137	8.81
882.355	66.11
882.573	-39.55
882.79	-68.2
883.008	-39.55
883.225	-52.08
883.443	-105.81
883.66	-43.13
883.877	32.09
884.095	3.43
884.312	-21.64
884.53	-102.23
884.747	-12.69
884.964	-75.37
885.182	39.25
885.399	-9.1
885.616	-93.27
885.833	-77.16
886.051	-10.89
886.268	-32.38
886.485	3.43
886.702	55.37
886.919	-23.43
887.136	32.09
887.353	-57.46
887.57	53.58
887.788	-61.04
888.005	71.49
888.222	-147
888.439	-1.94
888.655	92.98
888.872	-18.06
889.089	-19.85
889.306	78.65
889.523	-3.73
889.74	26.71
889.957	-78.95
890.174	19.55
890.39	-1.94
890.607	-10.89
890.824	-50.29
891.041	-23.43
891.257	-18.06
891.474	14.18
891.691	-93.27
891.907	1.64
892.124	-96.86
892.34	-57.46
892.557	87.6
892.774	-41.34
892.99	80.44
893.207	50
893.423	-55.67
893.64	109.09
893.856	-52.08
894.072	15.97
894.289	-19.85
894.505	26.71
894.722	-69.99
894.938	-0.15
895.154	-55.67
895.37	33.88
895.587	-61.04
895.803	-55.67
896.019	-41.34
896.235	-48.5
896.452	-132.67
896.668	-53.88
896.884	-1.94
897.1	-27.01
897.316	15.97
897.532	-89.69
897.748	21.34
897.964	71.49
898.18	-98.65
898.396	-62.83
898.612	17.76
898.828	23.13
899.044	23.13
899.26	-34.18
899.476	-12.69
899.692	14.18
899.908	-109.39
900.123	-37.76
900.339	84.02
900.555	37.46
900.771	19.55
900.986	3.43
901.202	-61.04
901.418	82.23
901.633	-30.59
901.849	3.43
902.065	17.76
902.28	35.67
902.496	71.49
902.711	35.67
902.927	96.56
903.143	28.5
903.358	33.88
903.573	-12.69
903.789	-12.69
904.004	24.92
904.22	8.81
904.435	28.5
904.651	69.69
904.866	-44.92
905.081	-61.04
905.296	-73.57
905.512	-62.83
905.727	-71.78
905.942	-111.18
906.157	-0.15
906.373	28.5
906.588	44.62
906.803	30.3
907.018	32.09
907.233	-23.43
907.448	-30.59
907.663	-16.27
907.878	1.64
908.093	10.6
908.308	-82.53
908.523	-93.27
908.738	50
908.953	8.81
909.168	42.83
909.383	35.67
909.598	-16.27
909.813	12.39
910.027	15.97
910.242	33.88
910.457	12.39
910.672	64.32
910.887	200.43
911.101	739.48
911.316	2489.16
911.531	5250.67
911.745	7433.74
911.96	8400.81
912.174	9203.12
912.389	8309.48
912.604	6187.3
912.818	4319.42
913.033	3459.81
913.247	2643.17
913.462	2182.92
913.676	1851.61
913.89	1584.77
914.105	1384.19
914.319	1144.22
914.534	1092.28
914.748	1002.74
914.962	789.62
915.177	832.6
915.391	630.24
915.605	662.47
915.819	549.65
916.034	571.14
916.248	388.47
916.462	356.23
916.676	178.94
916.89	82.23
917.104	125.21
917.318	109.09
917.532	24.92
917.746	144.91
917.96	-61.04
918.174	-75.37
918.388	-23.43
918.602	-7.31
918.816	-102.23
919.03	7.01
919.244	89.39
919.458	-28.8
919.672	76.86
919.886	39.25
920.099	80.44
920.313	24.92
920.527	-30.59
920.741	32.09
920.954	96.56
921.168	116.26
921.382	411.75
921.595	734.11
921.809	1146.01
922.023	1532.83
922.236	1420.01
922.45	1457.62
922.663	1357.33
922.877	897.08
923.09	678.59
923.304	535.32
923.517	443.99
923.731	418.91
923.944	298.93
924.157	354.44
924.371	246.99
924.584	295.34
924.797	186.1
925.011	164.61
925.224	171.77
925.437	153.87
925.65	195.06
925.864	69.69
926.077	15.97
926.29	123.42
926.503	21.34
926.716	105.51
926.929	3.43
927.142	-44.92
927.355	33.88
927.568	51.79
927.781	-14.48
927.994	-50.29
928.207	-0.15
928.42	64.32
928.633	80.44
928.846	5.22
929.059	51.79
929.272	5.22
929.485	33.88
929.697	12.39
929.91	-28.8
930.123	-23.43
930.336	-71.78
930.549	75.07
930.761	-89.69
930.974	-48.5
931.187	-10.89
931.399	84.02
931.612	-53.88
931.824	-18.06
932.037	-105.81
932.249	-25.22
932.462	-25.22
932.675	67.9
932.887	-93.27
933.099	-12.69
933.312	-14.48
933.524	-68.2
933.737	-57.46
933.949	-30.59
934.161	-12.69
934.374	-59.25
934.586	39.25
934.798	101.93
935.011	60.74
935.223	134.17
935.435	-7.31
935.647	-0.15
935.859	23.13
936.072	-28.8
936.284	89.39
936.496	101.93
936.708	55.37
936.92	-163.12
937.132	-34.18
937.344	75.07
937.556	33.88
937.768	17.76
937.98	55.37
938.192	-30.59
938.404	21.34
938.616	-3.73
938.828	46.41
939.039	10.6
939.251	28.5
939.463	-12.69
939.675	-21.64
939.887	78.65
940.098	-7.31
940.31	33.88
940.522	41.04
940.733	-41.34
940.945	-59.25
941.157	-148.79
941.368	-18.06
941.58	53.58
941.791	-48.5
942.003	-14.48
942.214	-1.94
942.426	-3.73
942.637	-7.31
942.849	-5.52
943.06	-16.27
943.272	-43.13
943.483	7.01
943.694	-9.1
943.906	-166.7
944.117	82.23
944.328	-16.27
944.54	-27.01
944.751	100.14
944.962	-89.69
945.173	3.43
945.384	-78.95
945.596	-62.83
945.807	19.55
946.018	32.09
946.229	-64.62
946.44	-112.97
946.651	-9.1
946.862	14.18
947.073	39.25
947.284	-91.48
947.495	-1.94
947.706	-28.8
947.917	159.24
948.128	28.5
948.339	-5.52
948.549	-18.06
948.76	-1.94
948.971	-41.34
949.182	-44.92
949.393	5.22
949.603	-43.13
949.814	-68.2
950.025	23.13
950.235	-89.69
950.446	-43.13
950.657	12.39
950.867	-43.13
951.078	-59.25
951.288	-28.8
951.499	-41.34
951.709	53.58
951.92	-59.25
952.13	17.76
952.341	-109.39
952.551	-62.83
952.762	-25.22
952.972	71.49
953.182	-132.67
953.393	53.58
953.603	-62.83
953.813	14.18
954.024	8.81
954.234	35.67
954.444	50
954.654	-37.76
954.865	-30.59
955.075	-37.76
955.285	205.8
955.495	-95.07
955.705	-82.53
955.915	3.43
956.125	-0.15
956.335	100.14
956.545	-125.51
956.755	153.87
956.965	71.49
957.175	76.86
957.385	-84.32
957.595	-46.71
957.805	3.43
958.015	-5.52
958.224	-71.78
958.434	5.22
958.644	-68.2
958.854	-78.95
959.064	-5.52
959.273	55.37
959.483	-89.69
959.693	-3.73
959.902	-48.5
960.112	-34.18
960.322	57.16
960.531	-150.58
960.741	96.56
960.95	-9.1
961.16	-5.52
961.369	-59.25
961.579	37.46
961.788	-121.93
961.998	-61.04
962.207	91.18
962.416	-0.15
962.626	-77.16
962.835	-1.94
963.044	-78.95
963.254	-39.55
963.463	-91.48
963.672	-102.23
963.881	28.5
964.091	84.02
964.3	10.6
964.509	19.55
964.718	161.03
964.927	148.49
965.136	415.33
965.345	440.4
965.554	526.37
965.763	551.44
965.972	594.42
966.181	470.85
966.39	472.64
966.599	358.02
966.808	327.58
967.017	259.53
967.226	218.34
967.435	116.26
967.644	202.22
967.852	232.66
968.061	212.96
968.27	153.87
968.479	26.71
968.687	162.82
968.896	114.47
969.105	67.9
969.313	-14.48
969.522	64.32
969.731	39.25
969.939	51.79
970.148	178.94
970.356	8.81
970.565	12.39
970.773	7.01
970.982	58.95
971.19	-134.46
971.399	-5.52
971.607	-14.48
971.815	-37.76
972.024	112.68
972.232	-77.16
972.44	-62.83
972.649	-44.92
972.857	3.43
973.065	-7.31
973.273	1.64
973.482	5.22
973.69	-100.44
973.898	-46.71
974.106	101.93
974.314	-5.52
974.522	85.81
974.73	-19.85
974.938	-96.86
975.146	41.04
975.354	44.62
975.562	15.97
975.77	-123.72
975.978	-43.13
976.186	-7.31
976.394	5.22
976.602	19.55
976.81	-43.13
977.018	48.2
977.225	-12.69
977.433	-3.73
977.641	57.16
977.849	-16.27
978.056	78.65
978.264	37.46
978.472	32.09
978.679	84.02
978.887	85.81
979.094	105.51
979.302	8.81
979.51	-25.22
979.717	10.6
979.925	-19.85
980.132	67.9
980.339	-12.69
980.547	-50.29
980.754	21.34
980.962	8.81
981.169	10.6
981.376	30.3
981.584	-5.52
981.791	91.18
981.998	-159.54
982.206	32.09
982.413	41.04
982.62	48.2
982.827	-150.58
983.034	-28.8
983.242	-118.35
983.449	-28.8
983.656	-86.11
983.863	19.55
984.07	-116.56
984.277	-28.8
984.484	-19.85
984.691	-84.32
984.898	-75.37
985.105	-114.76
985.312	-145.21
985.519	15.97
985.725	-66.41
985.932	-14.48
986.139	37.46
986.346	-0.15
986.553	48.2
986.759	-111.18
986.966	-41.34
987.173	23.13
987.38	-95.07
987.586	-3.73
987.793	-86.11
988	-98.65
988.206	-55.67
988.413	-57.46
988.619	24.92
988.826	-62.83
989.032	91.18
989.239	41.04
989.445	-52.08
989.652	-0.15
989.858	-145.21
990.064	39.25
990.271	-53.88
990.477	-10.89
990.684	-34.18
990.89	75.07
991.096	3.43
991.302	17.76
991.509	-86.11
991.715	76.86
991.921	-78.95
992.127	-39.55
992.333	-150.58
992.539	5.22
992.746	60.74
992.952	-77.16
993.158	-18.06
993.364	23.13
993.57	-104.02
993.776	-107.6
993.982	-37.76
994.188	10.6
994.394	-91.48
994.599	-57.46
994.805	-59.25
995.011	-14.48
995.217	-96.86
995.423	-134.46
995.629	-27.01
995.834	32.09
996.04	-95.07
996.246	-0.15
996.452	12.39
996.657	5.22
996.863	-68.2
997.068	32.09
997.274	-5.52
997.48	-64.62
997.685	-7.31
997.891	-18.06
998.096	53.58
998.302	-16.27
998.507	-1.94
998.713	101.93
998.918	-35.97
999.123	-10.89
999.329	21.34
999.534	-107.6
999.74	-116.56
999.945	-52.08
1000.15	35.67
1000.355	-34.18
1000.561	155.66
1000.766	14.18
1000.971	-0.15
1001.176	-62.83
1001.381	112.68
1001.586	-43.13
1001.792	-73.57
1001.997	5.22
1002.202	55.37
1002.407	-68.2
1002.612	119.84
1002.817	-75.37
1003.022	35.67
1003.227	-18.06
1003.432	24.92
1003.637	-107.6
1003.841	-57.46
1004.046	-69.99
1004.251	-64.62
1004.456	-68.2
1004.661	-55.67
1004.865	-52.08
1005.07	-19.85
1005.275	80.44
1005.48	-172.07
1005.684	33.88
1005.889	3.43
1006.094	-91.48
1006.298	-30.59
1006.503	44.62
1006.707	17.76
1006.912	42.83
1007.116	-5.52
1007.321	-71.78
1007.525	105.51
1007.73	-43.13
1007.934	-84.32
1008.139	30.3
1008.343	19.55
1008.547	-32.38
1008.752	-27.01
1008.956	12.39
1009.16	-77.16
1009.364	-82.53
1009.569	82.23
1009.773	15.97
1009.977	-53.88
1010.181	-30.59
1010.385	-75.37
1010.589	-93.27
1010.794	-34.18
1010.998	-3.73
1011.202	32.09
1011.406	-32.38
1011.61	-84.32
1011.814	-152.37
1012.018	-82.53
1012.222	-35.97
1012.426	-35.97
1012.629	33.88
1012.833	-61.04
1013.037	-32.38
1013.241	-91.48
1013.445	-91.48
1013.649	-53.88
1013.852	67.9
1014.056	-50.29
1014.26	-41.34
1014.463	-5.52
1014.667	35.67
1014.871	-25.22
1015.074	-80.74
1015.278	26.71
1015.482	8.81
1015.685	98.35
1015.889	24.92
1016.092	-118.35
1016.296	-0.15
1016.499	-69.99
1016.703	-14.48
1016.906	-75.37
1017.109	35.67
1017.313	-80.74
1017.516	-16.27
1017.719	-1.94
1017.923	82.23
1018.126	-77.16
1018.329	-53.88
1018.532	-35.97
1018.736	96.56
1018.939	3.43
1019.142	1.64
1019.345	-61.04
1019.548	-30.59
1019.751	-25.22
1019.954	3.43
1020.157	-69.99
1020.361	-93.27
1020.564	-18.06
1020.766	-96.86
1020.969	132.37
1021.172	-66.41
1021.375	-80.74
1021.578	-28.8
1021.781	-25.22
1021.984	-43.13
1022.187	-32.38
1022.389	-57.46
1022.592	19.55
1022.795	21.34
1022.998	-109.39
1023.2	53.58
1023.403	-91.48
1023.606	71.49
1023.808	-62.83
1024.011	50
1024.214	-111.18
1024.416	51.79
1024.619	-30.59
1024.821	-23.43
1025.024	51.79
1025.226	-25.22
1025.429	-80.74
1025.631	28.5
1025.833	21.34
1026.036	62.53
1026.238	-35.97
1026.441	-46.71
1026.643	112.68
1026.845	-37.76
1027.047	-82.53
1027.25	-80.74
1027.452	-46.71
1027.654	57.16
1027.856	-78.95
1028.058	24.92
1028.261	-104.02
1028.463	-114.76
1028.665	-37.76
1028.867	-5.52
1029.069	-3.73
1029.271	-28.8
1029.473	37.46
1029.675	-14.48
1029.877	-112.97
1030.079	-28.8
1030.281	-52.08
1030.482	44.62
1030.684	-62.83
1030.886	84.02
1031.088	-112.97
1031.29	24.92
1031.491	-55.67
1031.693	-5.52
1031.895	143.12
1032.097	-30.59
1032.298	-75.37
1032.5	-12.69
1032.701	-87.9
1032.903	1.64
1033.105	-7.31
1033.306	39.25
1033.508	19.55
1033.709	-89.69
1033.911	-84.32
1034.112	-9.1
1034.314	-43.13
1034.515	100.14
1034.716	-82.53
1034.918	15.97
1035.119	-50.29
1035.32	-27.01
1035.522	23.13
1035.723	17.76
1035.924	-37.76
1036.125	15.97
1036.327	-9.1
1036.528	5.22
1036.729	-25.22
1036.93	-107.6
1037.131	-84.32
1037.332	17.76
1037.533	-28.8
1037.734	-57.46
1037.935	-52.08
1038.136	-73.57
1038.337	-82.53
1038.538	23.13
1038.739	12.39
1038.94	-7.31
1039.141	-121.93
1039.342	-71.78
1039.543	-69.99
1039.744	39.25
1039.944	-41.34
1040.145	-44.92
1040.346	-59.25
1040.547	30.3
1040.747	-43.13
1040.948	51.79
1041.149	3.43
1041.349	-75.37
1041.55	-73.57
1041.75	-5.52
1041.951	-5.52
1042.152	-0.15
1042.352	-21.64
1042.553	-89.69
1042.753	-59.25
1042.953	19.55
1043.154	-77.16
1043.354	-37.76
1043.555	-78.95
1043.755	-61.04
1043.955	21.34
1044.156	-9.1
1044.356	-14.48
1044.556	-30.59
1044.756	-28.8
1044.957	-48.5
1045.157	-18.06
1045.357	48.2
1045.557	-32.38
1045.757	-73.57
1045.957	-1.94
1046.157	-39.55
1046.357	-75.37
1046.557	39.25
1046.757	-7.31
1046.957	-61.04
1047.157	17.76
1047.357	-147
1047.557	-139.84
1047.757	-98.65
1047.957	-53.88
1048.157	-18.06
1048.356	17.76
1048.556	-3.73
1048.756	-66.41
1048.956	46.41
1049.156	-61.04
1049.355	7.01
1049.555	-164.91
1049.755	82.23
1049.954	-96.86
1050.154	14.18
1050.353	-62.83
1050.553	152.07
1050.752	-86.11
1050.952	-7.31
1051.151	-16.27
1051.351	-5.52
1051.55	15.97
1051.75	33.88
1051.949	-19.85
1052.148	254.15
1052.348	51.79
1052.547	-34.18
1052.746	-75.37
1052.946	15.97
1053.145	-86.11
1053.344	23.13
1053.543	-127.3
1053.743	17.76
1053.942	-80.74
1054.141	37.46
1054.34	-166.7
1054.539	-105.81
1054.738	24.92
1054.937	-25.22
1055.136	-91.48
1055.335	-0.15
1055.534	-59.25
1055.733	35.67
1055.932	35.67
1056.131	35.67
