194.216	-298.03
194.484	-298.03
194.753	-298.03
195.022	-271.17
195.29	44.03
195.559	27.91
195.827	-43.73
196.096	-31.19
196.364	60.14
196.633	45.82
196.901	-86.71
197.17	74.47
197.438	-67.01
197.706	115.66
197.975	-45.52
198.243	-83.13
198.512	33.28
198.78	18.95
199.048	13.58
199.317	22.54
199.585	47.61
199.853	133.57
200.122	83.42
200.39	106.71
200.658	-83.13
200.926	90.59
201.195	61.93
201.463	-6.12
201.731	24.33
201.999	1.04
202.267	79.84
202.536	79.84
202.804	63.73
203.072	104.91
203.34	88.8
203.608	24.33
203.876	-54.47
204.144	31.49
204.412	-49.1
204.68	90.59
204.948	15.37
205.216	72.68
205.484	26.12
205.752	106.71
206.02	22.54
206.288	35.07
206.556	-68.8
206.824	69.1
207.092	-15.07
207.36	113.87
207.628	45.82
207.896	72.68
208.164	61.93
208.431	135.36
208.699	2.84
208.967	-6.12
209.235	56.56
209.503	108.5
209.77	-11.49
210.038	54.77
210.306	13.58
210.573	117.45
210.841	-72.38
211.109	4.63
211.377	47.61
211.644	2.84
211.912	54.77
212.179	-58.05
212.447	-113.57
212.715	44.03
212.982	212.37
213.25	129.99
213.517	-47.31
213.785	138.94
214.052	-72.38
214.32	65.52
214.587	56.56
214.855	58.35
215.122	33.28
215.39	113.87
215.657	20.74
215.925	63.73
216.192	-11.49
216.459	40.44
216.727	85.22
216.994	-79.54
217.261	-68.8
217.529	-13.28
217.796	69.1
218.063	156.85
218.331	49.4
218.598	44.03
218.865	85.22
219.132	18.95
219.399	20.74
219.667	81.63
219.934	88.8
220.201	99.54
220.468	1.04
220.735	-4.33
221.002	72.68
221.27	-38.35
221.537	52.98
221.804	142.52
222.071	36.86
222.338	113.87
222.605	47.61
222.872	-20.45
223.139	95.96
223.406	110.29
223.673	106.71
223.94	65.52
224.207	52.98
224.474	44.03
224.741	-16.86
225.007	35.07
225.274	2.84
225.541	58.35
225.808	-47.31
226.075	-24.03
226.342	20.74
226.609	-88.5
226.875	-32.98
227.142	44.03
227.409	-24.03
227.676	174.76
227.942	108.5
228.209	-6.12
228.476	49.4
228.742	-45.52
229.009	94.17
229.276	45.82
229.542	17.16
229.809	35.07
230.076	4.63
230.342	45.82
230.609	79.84
230.875	79.84
231.142	99.54
231.408	122.82
231.675	-20.45
231.941	52.98
232.208	10
232.474	67.31
232.741	110.29
233.007	10
233.274	162.22
233.54	140.73
233.807	-81.34
234.073	-13.28
234.339	36.86
234.606	115.66
234.872	26.12
235.138	115.66
235.405	67.31
235.671	45.82
235.937	103.12
236.203	26.12
236.47	38.65
236.736	15.37
237.002	-13.28
237.268	-2.54
237.535	4.63
237.801	108.5
238.067	78.05
238.333	63.73
238.599	-9.7
238.865	-9.7
239.131	45.82
239.397	153.27
239.663	17.16
239.929	51.19
240.195	79.84
240.462	122.82
240.728	1.04
240.993	4.63
241.259	178.34
241.525	88.8
241.791	20.74
242.057	10
242.323	47.61
242.589	-93.87
242.855	58.35
243.121	-4.33
243.387	-34.77
243.652	112.08
243.918	-29.4
244.184	-29.4
244.45	1.04
244.716	178.34
244.981	51.19
245.247	88.8
245.513	45.82
245.779	156.85
246.044	85.22
246.31	78.05
246.576	112.08
246.841	72.68
247.107	17.16
247.373	-72.38
247.638	171.18
247.904	172.97
248.169	24.33
248.435	4.63
248.7	6.42
248.966	60.14
249.231	17.16
249.497	-20.45
249.762	94.17
250.028	95.96
250.293	-13.28
250.559	-2.54
250.824	67.31
251.09	156.85
251.355	122.82
251.62	60.14
251.886	-56.26
252.151	101.33
252.416	42.23
252.682	117.45
252.947	29.7
253.212	85.22
253.477	103.12
253.743	113.87
254.008	165.8
254.273	-101.03
254.538	103.12
254.804	-38.35
255.069	146.1
255.334	2.84
255.599	42.23
255.864	11.79
256.129	90.59
256.394	44.03
256.659	-24.03
256.925	52.98
257.19	-6.12
257.455	26.12
257.72	45.82
257.985	190.88
258.25	108.5
258.515	27.91
258.78	-38.35
259.044	47.61
259.309	11.79
259.574	10
259.839	67.31
260.104	51.19
260.369	29.7
260.634	-13.28
260.899	108.5
261.163	11.79
261.428	-22.24
261.693	17.16
261.958	103.12
262.223	31.49
262.487	11.79
262.752	81.63
263.017	76.26
263.281	69.1
263.546	-45.52
263.811	15.37
264.075	22.54
264.34	-27.61
264.605	-16.86
264.869	237.44
265.134	-36.56
265.398	-32.98
265.663	60.14
265.927	94.17
266.192	27.91
266.457	20.74
266.721	26.12
266.985	51.19
267.25	95.96
267.514	-29.4
267.779	52.98
268.043	137.15
268.308	24.33
268.572	54.77
268.836	38.65
269.101	47.61
269.365	103.12
269.629	187.29
269.894	51.19
270.158	44.03
270.422	29.7
270.687	26.12
270.951	138.94
271.215	103.12
271.479	56.56
271.743	-18.65
272.008	-84.92
272.272	8.21
272.536	29.7
272.8	95.96
273.064	22.54
273.328	78.05
273.592	49.4
273.856	70.89
274.12	29.7
274.385	-32.98
274.649	-22.24
274.913	45.82
275.177	-104.62
275.441	92.38
275.704	29.7
275.968	-0.75
276.232	11.79
276.496	-113.57
276.76	27.91
277.024	106.71
277.288	-22.24
277.552	-59.84
277.816	92.38
278.079	81.63
278.343	78.05
278.607	121.03
278.871	69.1
279.135	31.49
279.398	8.21
279.662	17.16
279.926	-18.65
280.189	101.33
280.453	11.79
280.717	56.56
280.98	76.26
281.244	54.77
281.508	35.07
281.771	87.01
282.035	35.07
282.298	205.2
282.562	40.44
282.826	-22.24
283.089	-11.49
283.353	49.4
283.616	119.24
283.88	108.5
284.143	-7.91
284.407	4.63
284.67	38.65
284.933	94.17
285.197	10
285.46	24.33
285.724	47.61
285.987	104.91
286.25	117.45
286.514	87.01
286.777	22.54
287.04	61.93
287.303	-9.7
287.567	108.5
287.83	27.91
288.093	56.56
288.356	-34.77
288.62	54.77
288.883	38.65
289.146	85.22
289.409	35.07
289.672	35.07
289.935	40.44
290.198	83.42
290.461	99.54
290.725	24.33
290.988	-54.47
291.251	-38.35
291.514	-20.45
291.777	45.82
292.04	33.28
292.303	65.52
292.566	8.21
292.829	138.94
293.091	129.99
293.354	97.75
293.617	56.56
293.88	20.74
294.143	-52.68
294.406	42.23
294.669	1.04
294.932	-11.49
295.194	63.73
295.457	36.86
295.72	13.58
295.983	121.03
296.245	-38.35
296.508	2.84
296.771	88.8
297.034	106.71
297.296	-15.07
297.559	-52.68
297.822	-59.84
298.084	97.75
298.347	20.74
298.609	67.31
298.872	26.12
299.135	-13.28
299.397	-27.61
299.66	-40.15
299.922	90.59
300.185	18.95
300.447	-61.64
300.71	45.82
300.972	133.57
301.235	11.79
301.497	-41.94
301.759	-16.86
302.022	129.99
302.284	15.37
302.546	223.11
302.809	70.89
303.071	51.19
303.333	-32.98
303.596	35.07
303.858	164.01
304.12	-22.24
304.383	31.49
304.645	-59.84
304.907	103.12
305.169	-7.91
305.431	146.1
305.694	44.03
305.956	108.5
306.218	18.95
306.48	81.63
306.742	-124.32
307.004	-18.65
307.266	78.05
307.528	104.91
307.79	15.37
308.052	61.93
308.314	-34.77
308.576	60.14
308.838	69.1
309.1	56.56
309.362	-59.84
309.624	52.98
309.886	108.5
310.148	65.52
310.41	20.74
310.672	65.52
310.934	36.86
311.196	24.33
311.457	63.73
311.719	-18.65
311.981	-4.33
312.243	99.54
312.504	1.04
312.766	167.6
313.028	137.15
313.29	40.44
313.551	-50.89
313.813	6.42
314.075	8.21
314.336	178.34
314.598	54.77
314.86	52.98
315.121	160.43
315.383	110.29
315.644	-4.33
315.906	-27.61
316.167	122.82
316.429	47.61
316.69	-31.19
316.952	29.7
317.213	-32.98
317.475	106.71
317.736	-2.54
317.998	26.12
318.259	70.89
318.521	-31.19
318.782	124.61
319.043	72.68
319.305	29.7
319.566	81.63
319.827	65.52
320.089	-52.68
320.35	49.4
320.611	63.73
320.872	-27.61
321.134	81.63
321.395	40.44
321.656	128.2
321.917	-0.75
322.178	31.49
322.44	-142.22
322.701	112.08
322.962	-11.49
323.223	-7.91
323.484	51.19
323.745	-104.62
324.006	4.63
324.267	76.26
324.528	52.98
324.789	-32.98
325.05	-92.08
325.311	-74.17
325.572	47.61
325.833	29.7
326.094	-20.45
326.355	24.33
326.616	1.04
326.877	87.01
327.138	-7.91
327.398	17.16
327.659	94.17
327.92	10
328.181	-90.29
328.442	221.32
328.702	126.41
328.963	81.63
329.224	-6.12
329.485	-16.86
329.745	-7.91
330.006	-49.1
330.267	47.61
330.527	167.6
330.788	-34.77
331.049	60.14
331.309	-18.65
331.57	61.93
331.83	-6.12
332.091	-25.82
332.351	61.93
332.612	155.06
332.873	58.35
333.133	49.4
333.393	90.59
333.654	-27.61
333.914	33.28
334.175	110.29
334.435	60.14
334.696	40.44
334.956	-32.98
335.216	69.1
335.477	-13.28
335.737	54.77
335.997	-9.7
336.258	29.7
336.518	26.12
336.778	124.61
337.038	4.63
337.299	44.03
337.559	99.54
337.819	69.1
338.079	-74.17
338.34	-34.77
338.6	-29.4
338.86	70.89
339.12	76.26
339.38	18.95
339.64	6.42
339.9	110.29
340.16	78.05
340.42	47.61
340.68	33.28
340.94	-25.82
341.2	44.03
341.46	-4.33
341.72	-52.68
341.98	97.75
342.24	33.28
342.5	45.82
342.76	-77.75
343.02	151.48
343.28	87.01
343.54	61.93
343.799	101.33
344.059	17.16
344.319	13.58
344.579	242.81
344.839	79.84
345.098	49.4
345.358	61.93
345.618	-11.49
345.878	-7.91
346.137	121.03
346.397	60.14
346.657	151.48
346.916	1.04
347.176	52.98
347.435	-47.31
347.695	151.48
347.955	-61.64
348.214	-25.82
348.474	-49.1
348.733	-41.94
348.993	106.71
349.252	87.01
349.512	61.93
349.771	-7.91
350.031	121.03
350.29	67.31
350.549	78.05
350.809	76.26
351.068	63.73
351.328	113.87
351.587	155.06
351.846	27.91
352.106	-38.35
352.365	-4.33
352.624	10
352.883	-67.01
353.143	56.56
353.402	162.22
353.661	-9.7
353.92	83.42
354.179	155.06
354.439	113.87
354.698	-56.26
354.957	11.79
355.216	101.33
355.475	90.59
355.734	-11.49
355.993	117.45
356.252	-74.17
356.511	13.58
356.77	8.21
357.029	69.1
357.288	-67.01
357.547	112.08
357.806	27.91
358.065	52.98
358.324	22.54
358.583	169.39
358.842	22.54
359.101	-40.15
359.36	26.12
359.619	-36.56
359.877	47.61
360.136	99.54
360.395	-27.61
360.654	11.79
360.913	10
361.171	-27.61
361.43	-90.29
361.689	-22.24
361.947	54.77
362.206	22.54
362.465	49.4
362.723	-31.19
362.982	-0.75
363.241	1.04
363.499	56.56
363.758	-40.15
364.016	44.03
364.275	-0.75
364.533	-15.07
364.792	13.58
365.05	112.08
365.309	110.29
365.567	2.84
365.826	85.22
366.084	17.16
366.343	-24.03
366.601	8.21
366.86	-67.01
367.118	-4.33
367.376	-70.59
367.635	94.17
367.893	-72.38
368.151	-59.84
368.409	47.61
368.668	-11.49
368.926	10
369.184	-22.24
369.442	36.86
369.701	69.1
369.959	11.79
370.217	-34.77
370.475	-25.82
370.733	-15.07
370.991	36.86
371.25	-27.61
371.508	-7.91
371.766	-52.68
372.024	38.65
372.282	-18.65
372.54	-25.82
372.798	-4.33
373.056	83.42
373.314	-6.12
373.572	58.35
373.83	51.19
374.088	-56.26
374.345	44.03
374.603	60.14
374.861	-29.4
375.119	-29.4
375.377	-18.65
375.635	27.91
375.893	18.95
376.15	-11.49
376.408	78.05
376.666	76.26
376.924	149.69
377.181	54.77
377.439	29.7
377.697	135.36
377.954	29.7
378.212	67.31
378.47	-24.03
378.727	103.12
378.985	-72.38
379.243	92.38
379.5	-20.45
379.758	155.06
380.015	104.91
380.273	13.58
380.53	45.82
380.788	103.12
381.045	40.44
381.303	-38.35
381.56	-72.38
381.818	-9.7
382.075	-38.35
382.332	-31.19
382.59	22.54
382.847	42.23
383.105	144.31
383.362	61.93
383.619	22.54
383.876	-65.22
384.134	121.03
384.391	42.23
384.648	8.21
384.905	49.4
385.163	-29.4
385.42	70.89
385.677	-22.24
385.934	117.45
386.191	-68.8
386.449	-18.65
386.706	70.89
386.963	-75.96
387.22	-6.12
387.477	-67.01
387.734	97.75
387.991	35.07
388.248	94.17
388.505	27.91
388.762	87.01
389.019	-92.08
389.276	81.63
389.533	2.84
389.79	85.22
390.047	-47.31
390.304	31.49
390.56	-24.03
390.817	47.61
391.074	67.31
391.331	-2.54
391.588	8.21
391.844	101.33
392.101	-27.61
392.358	-56.26
392.615	133.57
392.871	-29.4
393.128	27.91
393.385	81.63
393.641	38.65
393.898	8.21
394.155	-0.75
394.411	-90.29
394.668	40.44
394.925	223.11
395.181	56.56
395.438	24.33
395.694	-9.7
395.951	33.28
396.207	85.22
396.464	74.47
396.72	-95.66
396.977	76.26
397.233	-27.61
397.489	-7.91
397.746	79.84
398.002	-59.84
398.259	87.01
398.515	-4.33
398.771	110.29
399.028	-61.64
399.284	15.37
399.54	10
399.796	65.52
400.053	-31.19
400.309	51.19
400.565	10
400.821	-34.77
401.078	-18.65
401.334	58.35
401.59	27.91
401.846	15.37
402.102	38.65
402.358	11.79
402.614	-58.05
402.87	135.36
403.126	-43.73
403.382	44.03
403.638	108.5
403.894	24.33
404.15	85.22
404.406	110.29
404.662	13.58
404.918	-36.56
405.174	26.12
405.43	92.38
405.686	15.37
405.942	128.2
406.198	106.71
406.454	58.35
406.709	99.54
406.965	228.48
407.221	17.16
407.477	-22.24
407.732	13.58
407.988	42.23
408.244	17.16
408.5	-6.12
408.755	-58.05
409.011	117.45
409.267	52.98
409.522	22.54
409.778	-4.33
410.033	63.73
410.289	58.35
410.545	47.61
410.8	-32.98
411.056	-16.86
411.311	60.14
411.567	99.54
411.822	-24.03
412.078	11.79
412.333	-67.01
412.588	18.95
412.844	-22.24
413.099	155.06
413.355	11.79
413.61	44.03
413.865	8.21
414.121	52.98
414.376	-38.35
414.631	26.12
414.887	113.87
415.142	153.27
415.397	76.26
415.652	122.82
415.907	4.63
416.163	74.47
416.418	58.35
416.673	8.21
416.928	38.65
417.183	65.52
417.438	-2.54
417.693	67.31
417.949	-58.05
418.204	-67.01
418.459	-15.07
418.714	-31.19
418.969	-2.54
419.224	124.61
419.479	51.19
419.734	-54.47
419.989	-6.12
420.243	-6.12
420.498	87.01
420.753	2.84
421.008	11.79
421.263	31.49
421.518	-47.31
421.773	52.98
422.027	-16.86
422.282	144.31
422.537	-52.68
422.792	54.77
423.047	1.04
423.301	-2.54
423.556	31.49
423.811	155.06
424.065	51.19
424.32	6.42
424.575	54.77
424.829	151.48
425.084	65.52
425.338	10
425.593	20.74
425.848	90.59
426.102	70.89
426.357	70.89
426.611	-56.26
426.866	6.42
427.12	4.63
427.374	153.27
427.629	52.98
427.883	149.69
428.138	74.47
428.392	4.63
428.646	-16.86
428.901	18.95
429.155	45.82
429.409	-41.94
429.664	36.86
429.918	1.04
430.172	69.1
430.427	26.12
430.681	-11.49
430.935	67.31
431.189	160.43
431.443	51.19
431.698	44.03
431.952	61.93
432.206	36.86
432.46	40.44
432.714	27.91
432.968	63.73
433.222	115.66
433.476	228.48
433.73	190.88
433.984	368.17
434.238	493.53
434.492	1399.71
434.746	3391.16
435	5724.66
435.254	7307.78
435.508	8330.37
435.762	8031.29
436.016	6512.64
436.27	4562.38
436.523	3097.45
436.777	1944.14
437.031	1474.93
437.285	1116.76
437.539	962.74
437.792	556.21
438.046	395.04
438.3	249.98
438.553	289.37
438.807	101.33
439.061	97.75
439.314	56.56
439.568	113.87
439.822	90.59
440.075	74.47
440.329	76.26
440.582	67.31
440.836	-65.22
441.09	-6.12
441.343	97.75
441.597	-2.54
441.85	155.06
442.103	149.69
442.357	-43.73
442.61	76.26
442.864	-92.08
443.117	11.79
443.371	78.05
443.624	88.8
443.877	-34.77
444.131	60.14
444.384	33.28
444.637	-65.22
444.89	158.64
445.144	17.16
445.397	11.79
445.65	8.21
445.903	70.89
446.157	-54.47
446.41	-34.77
446.663	44.03
446.916	81.63
447.169	-7.91
447.422	-113.57
447.675	-22.24
447.928	99.54
448.181	176.55
448.435	103.12
448.688	-22.24
448.941	-22.24
449.194	78.05
449.446	115.66
449.699	44.03
449.952	2.84
450.205	-54.47
450.458	-43.73
450.711	67.31
450.964	20.74
451.217	33.28
451.47	-13.28
451.722	2.84
451.975	-38.35
452.228	74.47
452.481	-2.54
452.733	103.12
452.986	11.79
453.239	115.66
453.492	11.79
453.744	-20.45
453.997	129.99
454.25	76.26
454.502	-7.91
454.755	58.35
455.007	24.33
455.26	103.12
455.513	44.03
455.765	63.73
456.018	-4.33
456.27	104.91
456.523	-56.26
456.775	63.73
457.028	99.54
457.28	101.33
457.532	33.28
457.785	92.38
458.037	74.47
458.29	-25.82
458.542	-40.15
458.794	29.7
459.047	60.14
459.299	101.33
459.551	112.08
459.803	4.63
460.056	88.8
460.308	54.77
460.56	31.49
460.812	-13.28
461.064	-74.17
461.317	29.7
461.569	155.06
461.821	-34.77
462.073	17.16
462.325	144.31
462.577	78.05
462.829	18.95
463.081	-7.91
463.333	33.28
463.585	106.71
463.837	60.14
464.089	87.01
464.341	63.73
464.593	-2.54
464.845	13.58
465.097	58.35
465.349	-54.47
465.601	56.56
465.852	90.59
466.104	-32.98
466.356	-0.75
466.608	-16.86
466.86	-22.24
467.111	-34.77
467.363	94.17
467.615	-7.91
467.867	58.35
468.118	-25.82
468.37	60.14
468.622	38.65
468.873	56.56
469.125	-50.89
469.376	115.66
469.628	51.19
469.88	40.44
470.131	60.14
470.383	88.8
470.634	74.47
470.886	95.96
471.137	69.1
471.389	-70.59
471.64	104.91
471.892	83.42
472.143	-9.7
472.394	137.15
472.646	-32.98
472.897	65.52
473.148	33.28
473.4	-124.32
473.651	63.73
473.902	144.31
474.154	99.54
474.405	8.21
474.656	44.03
474.907	13.58
475.159	31.49
475.41	-50.89
475.661	-72.38
475.912	149.69
476.163	-61.64
476.414	-9.7
476.665	-25.82
476.917	13.58
477.168	-40.15
477.419	18.95
477.67	22.54
477.921	115.66
478.172	95.96
478.423	15.37
478.674	94.17
478.925	31.49
479.176	60.14
479.426	36.86
479.677	106.71
479.928	38.65
480.179	26.12
480.43	112.08
480.681	78.05
480.932	-11.49
481.182	-38.35
481.433	94.17
481.684	108.5
481.935	20.74
482.185	-27.61
482.436	44.03
482.687	-25.82
482.937	2.84
483.188	52.98
483.439	113.87
483.689	95.96
483.94	83.42
484.19	4.63
484.441	169.39
484.692	49.4
484.942	-2.54
485.193	-92.08
485.443	26.12
485.694	44.03
485.944	-72.38
486.194	36.86
486.445	-32.98
486.695	11.79
486.946	38.65
487.196	128.2
487.446	35.07
487.697	-2.54
487.947	-16.86
488.197	-6.12
488.448	20.74
488.698	49.4
488.948	1.04
489.198	26.12
489.449	95.96
489.699	-7.91
489.949	10
490.199	99.54
490.449	162.22
490.699	58.35
490.949	149.69
491.2	72.68
491.45	74.47
491.7	36.86
491.95	35.07
492.2	-7.91
492.45	135.36
492.7	129.99
492.95	56.56
493.2	10
493.45	106.71
493.699	-61.64
493.949	56.56
494.199	-36.56
494.449	147.9
494.699	-50.89
494.949	36.86
495.199	110.29
495.448	117.45
495.698	8.21
495.948	78.05
496.198	99.54
496.447	33.28
496.697	87.01
496.947	49.4
497.196	124.61
497.446	88.8
497.696	-34.77
497.945	-68.8
498.195	45.82
498.444	90.59
498.694	-41.94
498.944	-32.98
499.193	-70.59
499.443	44.03
499.692	33.28
499.942	45.82
500.191	-45.52
500.44	131.78
500.69	10
500.939	-34.77
501.189	18.95
501.438	87.01
501.687	22.54
501.937	137.15
502.186	38.65
502.435	11.79
502.685	2.84
502.934	27.91
503.183	17.16
503.432	97.75
503.682	-9.7
503.931	51.19
504.18	42.23
504.429	54.77
504.678	1.04
504.927	-81.34
505.176	45.82
505.426	142.52
505.675	-20.45
505.924	2.84
506.173	40.44
506.422	79.84
506.671	17.16
506.92	85.22
507.169	4.63
507.418	137.15
507.667	56.56
507.915	79.84
508.164	-43.73
508.413	8.21
508.662	-4.33
508.911	17.16
509.16	-7.91
509.408	35.07
509.657	63.73
509.906	-2.54
510.155	18.95
510.404	20.74
510.652	10
510.901	31.49
511.15	8.21
511.398	-9.7
511.647	13.58
511.896	126.41
512.144	-9.7
512.393	-29.4
512.641	-13.28
512.89	49.4
513.138	54.77
513.387	-20.45
513.635	-83.13
513.884	45.82
514.132	63.73
514.381	-13.28
514.629	-32.98
514.878	-6.12
515.126	-127.9
515.374	35.07
515.623	27.91
515.871	11.79
516.119	2.84
516.368	60.14
516.616	-54.47
516.864	-18.65
517.113	29.7
517.361	58.35
517.609	-38.35
517.857	-9.7
518.105	58.35
518.354	13.58
518.602	56.56
518.85	33.28
519.098	29.7
519.346	210.58
519.594	-40.15
519.842	27.91
520.09	-16.86
520.338	-32.98
520.586	4.63
520.834	1.04
521.082	103.12
521.33	44.03
521.578	-13.28
521.826	115.66
522.074	-54.47
522.322	40.44
522.57	56.56
522.817	13.58
523.065	67.31
523.313	15.37
523.561	-31.19
523.809	20.74
524.056	-58.05
524.304	15.37
524.552	2.84
524.8	29.7
525.047	-4.33
525.295	117.45
525.543	-40.15
525.79	112.08
526.038	78.05
526.285	51.19
526.533	40.44
526.781	8.21
527.028	-74.17
527.276	92.38
527.523	-36.56
527.771	72.68
528.018	10
528.266	29.7
528.513	31.49
528.76	-68.8
529.008	-7.91
529.255	1.04
529.502	-40.15
529.75	15.37
529.997	58.35
530.244	60.14
530.492	6.42
530.739	47.61
530.986	20.74
531.234	45.82
531.481	-6.12
531.728	-36.56
531.975	-52.68
532.222	-54.47
532.469	-6.12
532.717	164.01
532.964	17.16
533.211	108.5
533.458	129.99
533.705	-54.47
533.952	85.22
534.199	26.12
534.446	52.98
534.693	121.03
534.94	119.24
535.187	24.33
535.434	-67.01
535.681	83.42
535.928	-25.82
536.174	29.7
536.421	-56.26
536.668	29.7
536.915	-13.28
537.162	69.1
537.409	-133.27
537.655	-0.75
537.902	67.31
538.149	113.87
538.396	-88.5
538.642	205.2
538.889	74.47
539.136	11.79
539.382	2.84
539.629	44.03
539.875	-109.99
540.122	104.91
540.369	-59.84
540.615	-38.35
540.862	49.4
541.108	-38.35
541.355	83.42
541.601	1.04
541.848	15.37
542.094	6.42
542.341	-31.19
542.587	137.15
542.833	13.58
543.08	10
543.326	-18.65
543.572	79.84
543.819	164.01
544.065	210.58
544.311	79.84
544.558	262.51
544.804	1113.17
545.05	4497.91
545.296	8844.35
545.542	12302.51
545.789	13919.67
546.035	14238.44
546.281	11647.06
546.527	7669.54
546.773	5097.85
547.019	3634.71
547.265	2701.67
547.511	2055.17
547.757	1591.33
548.003	1236.74
548.249	907.22
548.495	704.86
548.741	529.35
548.987	432.64
549.233	215.95
549.479	176.55
549.725	140.73
549.971	56.56
550.217	18.95
550.463	67.31
550.708	40.44
550.954	4.63
551.2	88.8
551.446	-2.54
551.691	72.68
551.937	51.19
552.183	133.57
552.429	108.5
552.674	-20.45
552.92	113.87
553.165	78.05
553.411	-41.94
553.657	13.58
553.902	-7.91
554.148	92.38
554.393	-90.29
554.639	113.87
554.884	-29.4
555.13	-40.15
555.375	124.61
555.621	97.75
555.866	-18.65
556.112	85.22
556.357	-31.19
556.602	47.61
556.848	26.12
557.093	-20.45
557.338	-7.91
557.584	-45.52
557.829	40.44
558.074	-16.86
558.32	6.42
558.565	10
558.81	47.61
559.055	-2.54
559.3	97.75
559.546	-18.65
559.791	-63.43
560.036	104.91
560.281	-9.7
560.526	-38.35
560.771	-13.28
561.016	35.07
561.261	-9.7
561.506	15.37
561.751	-45.52
561.996	-126.11
562.241	-58.05
562.486	44.03
562.731	27.91
562.976	76.26
563.221	22.54
563.466	-7.91
563.71	20.74
563.955	-54.47
564.2	4.63
564.445	42.23
564.69	2.84
564.934	2.84
565.179	-13.28
565.424	90.59
565.669	24.33
565.913	44.03
566.158	-20.45
566.403	-65.22
566.647	-109.99
566.892	4.63
567.136	27.91
567.381	74.47
567.626	31.49
567.87	36.86
568.115	-13.28
568.359	78.05
568.604	126.41
568.848	-31.19
569.093	106.71
569.337	-50.89
569.581	78.05
569.826	97.75
570.07	76.26
570.315	-4.33
570.559	74.47
570.803	2.84
571.048	-52.68
571.292	4.63
571.536	79.84
571.78	29.7
572.025	194.46
572.269	-63.43
572.513	-31.19
572.757	-61.64
573.001	-118.94
573.245	-40.15
573.49	78.05
573.734	1.04
573.978	51.19
574.222	-56.26
574.466	69.1
574.71	-15.07
574.954	35.07
575.198	-29.4
575.442	-50.89
575.686	108.5
575.93	554.42
576.174	912.6
576.418	1500
576.661	1636.11
576.905	1632.52
577.149	1362.1
577.393	867.82
577.637	599.19
577.881	688.74
578.124	959.16
578.368	1267.19
578.612	1507.16
578.856	1634.32
579.099	1546.56
579.343	1367.48
579.587	862.45
579.83	631.43
580.074	461.3
580.318	303.7
580.561	228.48
580.805	262.51
581.048	246.39
581.292	79.84
581.535	58.35
581.779	-0.75
582.022	26.12
582.266	79.84
582.509	20.74
582.753	35.07
582.996	92.38
583.239	90.59
583.483	-54.47
583.726	-93.87
583.969	42.23
584.213	38.65
584.456	-52.68
584.699	215.95
584.943	35.07
585.186	24.33
585.429	-41.94
585.672	-45.52
585.915	10
586.159	45.82
586.402	26.12
586.645	2.84
586.888	58.35
587.131	-13.28
587.374	-49.1
587.617	69.1
587.86	18.95
588.103	-72.38
588.346	52.98
588.589	121.03
588.832	1.04
589.075	-31.19
589.318	-15.07
589.561	-59.84
589.804	35.07
590.047	74.47
590.29	-27.61
590.532	-47.31
590.775	-24.03
591.018	49.4
591.261	54.77
591.504	-86.71
591.746	76.26
591.989	-2.54
592.232	-122.53
592.474	129.99
592.717	35.07
592.96	51.19
593.202	22.54
593.445	103.12
593.688	31.49
593.93	70.89
594.173	-11.49
594.415	2.84
594.658	-16.86
594.9	144.31
595.143	-7.91
595.385	101.33
595.628	-49.1
595.87	65.52
596.112	-32.98
596.355	74.47
596.597	-47.31
596.84	20.74
597.082	-93.87
597.324	-24.03
597.567	-9.7
597.809	-20.45
598.051	42.23
598.293	-25.82
598.536	-9.7
598.778	-27.61
599.02	-0.75
599.262	60.14
599.504	-109.99
599.746	11.79
599.988	56.56
600.231	92.38
600.473	44.03
600.715	-13.28
600.957	-88.5
601.199	-32.98
601.441	70.89
601.683	6.42
601.925	20.74
602.167	-77.75
602.409	-63.43
602.65	88.8
602.892	85.22
603.134	-25.82
603.376	78.05
603.618	-40.15
603.86	58.35
604.101	-11.49
604.343	-63.43
604.585	31.49
604.827	-84.92
605.068	35.07
605.31	-56.26
605.552	99.54
605.794	-41.94
606.035	45.82
606.277	-36.56
606.518	63.73
606.76	38.65
607.002	42.23
607.243	-41.94
607.485	52.98
607.726	17.16
607.968	8.21
608.209	60.14
608.451	92.38
608.692	87.01
608.933	72.68
609.175	-50.89
609.416	51.19
609.658	6.42
609.899	-43.73
610.14	113.87
610.382	110.29
610.623	49.4
610.864	-18.65
611.105	45.82
611.347	42.23
611.588	-74.17
611.829	17.16
612.07	-88.5
612.311	-24.03
612.553	-61.64
612.794	-31.19
613.035	65.52
613.276	33.28
613.517	-2.54
613.758	172.97
613.999	-45.52
614.24	-0.75
614.481	40.44
614.722	40.44
614.963	88.8
615.204	-31.19
615.445	-47.31
615.686	51.19
615.927	90.59
616.167	51.19
616.408	26.12
616.649	26.12
616.89	31.49
617.131	54.77
617.372	6.42
617.612	-2.54
617.853	-38.35
618.094	-88.5
618.334	79.84
618.575	-75.96
618.816	26.12
619.056	47.61
619.297	-2.54
619.538	6.42
619.778	-34.77
620.019	-16.86
620.259	8.21
620.5	90.59
620.74	52.98
620.981	70.89
621.221	-9.7
621.462	-22.24
621.702	-13.28
621.943	-2.54
622.183	-43.73
622.423	33.28
622.664	-22.24
622.904	67.31
623.144	-31.19
623.385	-15.07
623.625	58.35
623.865	-18.65
624.105	112.08
624.346	-27.61
624.586	-61.64
624.826	-15.07
625.066	87.01
625.306	69.1
625.546	60.14
625.787	51.19
626.027	2.84
626.267	-11.49
626.507	-45.52
626.747	22.54
626.987	31.49
627.227	47.61
627.467	11.79
627.707	79.84
627.947	-43.73
628.187	36.86
628.427	54.77
628.666	69.1
628.906	-136.85
629.146	-75.96
629.386	-101.03
629.626	18.95
629.866	-24.03
630.105	13.58
630.345	104.91
630.585	17.16
630.825	29.7
631.064	97.75
631.304	31.49
631.544	18.95
631.783	-127.9
632.023	49.4
632.262	40.44
632.502	61.93
632.742	-113.57
632.981	-50.89
633.221	-7.91
633.46	94.17
633.7	15.37
633.939	35.07
634.179	-18.65
634.418	88.8
634.657	-22.24
634.897	-29.4
635.136	81.63
635.376	-9.7
635.615	54.77
635.854	38.65
636.094	-90.29
636.333	90.59
636.572	26.12
636.811	1.04
637.051	65.52
637.29	-13.28
637.529	-95.66
637.768	22.54
638.007	60.14
638.246	13.58
638.486	-65.22
638.725	18.95
638.964	-83.13
639.203	112.08
639.442	-86.71
639.681	63.73
639.92	-88.5
640.159	-20.45
640.398	-9.7
640.637	6.42
640.876	113.87
641.114	40.44
641.353	-32.98
641.592	-67.01
641.831	74.47
642.07	-58.05
642.309	8.21
642.548	72.68
642.786	58.35
643.025	133.57
643.264	6.42
643.502	20.74
643.741	-4.33
643.98	24.33
644.219	-106.41
644.457	13.58
644.696	-86.71
644.934	58.35
645.173	54.77
645.412	2.84
645.65	-22.24
645.889	49.4
646.127	2.84
646.366	155.06
646.604	144.31
646.842	6.42
647.081	31.49
647.319	-13.28
647.558	44.03
647.796	20.74
648.034	-61.64
648.273	58.35
648.511	-18.65
648.749	-32.98
648.988	88.8
649.226	65.52
649.464	95.96
649.702	-84.92
649.941	-20.45
650.179	-95.66
650.417	42.23
650.655	-20.45
650.893	-18.65
651.131	13.58
651.369	-31.19
651.607	-0.75
651.845	2.84
652.083	29.7
652.321	67.31
652.559	47.61
652.797	-54.47
653.035	-106.41
653.273	78.05
653.511	54.77
653.749	22.54
653.987	40.44
654.225	92.38
654.463	-36.56
654.701	-2.54
654.938	121.03
655.176	-67.01
655.414	24.33
655.652	17.16
655.889	-31.19
656.127	-90.29
656.365	-16.86
656.602	-49.1
656.84	87.01
657.078	15.37
657.315	58.35
657.553	-56.26
657.79	-104.62
658.028	-22.24
658.266	-58.05
658.503	42.23
658.741	67.31
658.978	-24.03
659.215	-0.75
659.453	35.07
659.69	81.63
659.928	47.61
660.165	4.63
660.402	-65.22
660.64	60.14
660.877	65.52
661.114	47.61
661.352	4.63
661.589	17.16
661.826	-34.77
662.063	20.74
662.301	-20.45
662.538	11.79
662.775	11.79
663.012	-36.56
663.249	52.98
663.486	10
663.723	-6.12
663.961	-20.45
664.198	-79.54
664.435	76.26
664.672	-63.43
664.909	-18.65
665.146	-29.4
665.383	70.89
665.619	-20.45
665.856	2.84
666.093	-63.43
666.33	-22.24
666.567	-18.65
666.804	-15.07
667.041	58.35
667.278	63.73
667.514	42.23
667.751	8.21
667.988	6.42
668.225	17.16
668.461	17.16
668.698	-18.65
668.935	-11.49
669.171	56.56
669.408	-41.94
669.644	158.64
669.881	-24.03
670.118	-27.61
670.354	20.74
670.591	-61.64
670.827	-72.38
671.064	8.21
671.3	-47.31
671.537	2.84
671.773	4.63
672.01	74.47
672.246	38.65
672.482	-20.45
672.719	-74.17
672.955	40.44
673.191	33.28
673.428	158.64
673.664	-58.05
673.9	58.35
674.136	-2.54
674.373	79.84
674.609	-29.4
674.845	70.89
675.081	-7.91
675.317	76.26
675.553	31.49
675.79	124.61
676.026	38.65
676.262	-11.49
676.498	-16.86
676.734	1.04
676.97	29.7
677.206	18.95
677.442	-38.35
677.678	51.19
677.914	-47.31
678.15	-18.65
678.386	36.86
678.621	1.04
678.857	63.73
679.093	-63.43
679.329	22.54
679.565	-32.98
679.8	60.14
680.036	-15.07
680.272	-32.98
680.508	-7.91
680.743	-41.94
680.979	-34.77
681.215	-54.47
681.45	-45.52
681.686	-11.49
681.922	-50.89
682.157	-7.91
682.393	-31.19
682.628	15.37
682.864	54.77
683.099	31.49
683.335	10
683.57	-117.15
683.806	35.07
684.041	58.35
684.277	-31.19
684.512	-9.7
684.747	158.64
684.983	99.54
685.218	-4.33
685.453	-31.19
685.689	22.54
685.924	-25.82
686.159	164.01
686.394	-13.28
686.63	87.01
686.865	-15.07
687.1	87.01
687.335	27.91
687.57	117.45
687.806	-18.65
688.041	27.91
688.276	117.45
688.511	63.73
688.746	26.12
688.981	15.37
689.216	-43.73
689.451	-81.34
689.686	-22.24
689.921	104.91
690.156	63.73
690.391	45.82
690.625	129.99
690.86	174.76
691.095	54.77
691.33	171.18
691.565	11.79
691.8	135.36
692.034	4.63
692.269	4.63
692.504	67.31
692.739	22.54
692.973	-43.73
693.208	-16.86
693.443	61.93
693.677	94.17
693.912	70.89
694.146	13.58
694.381	-31.19
694.616	-59.84
694.85	-25.82
695.085	99.54
695.319	343.1
695.554	1254.65
695.788	2622.87
696.023	3854.99
696.257	4637.6
696.491	4838.18
696.726	4329.57
696.96	3258.63
697.194	2384.69
697.429	1996.07
697.663	1419.41
697.897	1326.29
698.132	959.16
698.366	747.84
698.6	652.92
698.834	461.3
699.068	378.92
699.303	178.34
699.537	101.33
699.771	206.99
700.005	108.5
700.239	135.36
700.473	99.54
700.707	56.56
700.941	-90.29
701.175	-90.29
701.409	13.58
701.643	-58.05
701.877	-65.22
702.111	-27.61
702.345	-41.94
702.579	174.76
702.813	124.61
703.047	38.65
703.281	56.56
703.514	92.38
703.748	18.95
703.982	-6.12
704.216	22.54
704.449	24.33
704.683	70.89
704.917	61.93
705.15	24.33
705.384	138.94
705.618	348.47
705.851	1421.2
706.085	2393.64
706.319	3088.5
706.552	3500.4
706.786	3425.18
707.019	2909.41
707.253	2015.77
707.486	1492.84
707.72	1326.29
707.953	1095.26
708.187	930.5
708.42	824.84
708.653	617.1
708.887	461.3
709.12	260.72
709.353	318.03
709.587	138.94
709.82	95.96
710.053	79.84
710.286	-67.01
710.52	115.66
710.753	-52.68
710.986	83.42
711.219	35.07
711.452	1.04
711.686	-83.13
711.919	-16.86
712.152	83.42
712.385	31.49
712.618	-29.4
712.851	-16.86
713.084	-27.61
713.317	-120.73
713.55	76.26
713.783	138.94
714.016	330.56
714.249	443.39
714.482	436.23
714.714	635.01
714.947	491.74
715.18	371.75
715.413	210.58
715.646	228.48
715.878	122.82
716.111	241.02
716.344	138.94
716.577	101.33
716.809	117.45
717.042	49.4
717.275	94.17
717.507	4.63
717.74	78.05
717.973	47.61
718.205	6.42
718.438	2.84
718.67	-95.66
718.903	-36.56
719.135	33.28
719.368	-7.91
719.6	29.7
719.833	8.21
720.065	35.07
720.297	26.12
720.53	10
720.762	63.73
720.995	103.12
721.227	24.33
721.459	15.37
721.691	-38.35
721.924	-61.64
722.156	29.7
722.388	-52.68
722.62	196.25
722.853	-24.03
723.085	-56.26
723.317	106.71
723.549	1.04
723.781	-81.34
724.013	40.44
724.245	10
724.477	-93.87
724.709	-25.82
724.941	65.52
725.173	-81.34
725.405	51.19
725.637	-36.56
725.869	54.77
726.101	131.78
726.333	391.45
726.565	690.53
726.797	984.23
727.028	1222.42
727.26	1344.2
727.492	1286.89
727.724	964.53
727.956	703.06
728.187	423.69
728.419	387.87
728.651	438.02
728.882	301.91
729.114	249.98
729.346	249.98
729.577	142.52
729.809	174.76
730.04	78.05
730.272	27.91
730.503	6.42
730.735	-11.49
730.966	83.42
731.198	20.74
731.429	56.56
731.661	-4.33
731.892	104.91
732.124	140.73
732.355	2.84
732.586	103.12
732.818	18.95
733.049	72.68
733.28	-49.1
733.512	87.01
733.743	61.93
733.974	83.42
734.205	45.82
734.436	-32.98
734.668	117.45
734.899	22.54
735.13	-2.54
735.361	97.75
735.592	-13.28
735.823	-20.45
736.054	99.54
736.285	54.77
736.516	51.19
736.747	181.92
736.978	321.61
737.209	450.55
737.44	1630.73
737.671	3398.32
737.902	4933.09
738.133	5952.1
738.364	6381.91
738.594	5810.62
738.825	4442.4
739.056	3238.93
739.287	2592.43
739.518	2037.26
739.748	1679.09
739.979	1410.46
740.21	1184.81
740.44	883.94
740.671	756.79
740.902	466.67
741.132	300.12
741.363	129.99
741.593	176.55
741.824	144.31
742.055	206.99
742.285	24.33
742.516	24.33
742.746	-13.28
742.976	56.56
743.207	113.87
743.437	8.21
743.668	44.03
743.898	10
744.128	-11.49
744.359	-11.49
744.589	-22.24
744.819	63.73
745.05	54.77
745.28	119.24
745.51	11.79
745.74	35.07
745.971	85.22
746.201	180.13
746.431	-6.12
746.661	122.82
746.891	2.84
747.121	52.98
747.351	74.47
747.581	106.71
747.811	24.33
748.041	58.35
748.271	87.01
748.501	47.61
748.731	81.63
748.961	129.99
749.191	429.06
749.421	1718.49
749.651	3840.66
749.881	5660.19
750.111	6765.15
750.34	8072.48
750.57	8795.99
750.8	9455.03
751.03	9698.59
751.259	9979.76
751.489	9437.12
751.719	8083.23
751.949	6066.71
752.178	4863.25
752.408	3896.18
752.637	3045.52
752.867	2576.31
753.097	1926.23
753.326	1514.33
753.556	1213.46
753.785	858.87
754.015	606.36
754.244	371.75
754.474	251.77
754.703	169.39
754.932	181.92
755.162	94.17
755.391	81.63
755.621	-32.98
755.85	-135.06
756.079	97.75
756.309	31.49
756.538	44.03
756.767	51.19
756.996	52.98
757.225	44.03
757.455	-41.94
757.684	52.98
757.913	-43.73
758.142	-88.5
758.371	13.58
758.6	-11.49
758.829	18.95
759.058	2.84
759.287	-135.06
759.516	67.31
759.745	-24.03
759.974	36.86
760.203	47.61
760.432	67.31
760.661	-9.7
760.89	90.59
761.119	189.09
761.348	126.41
761.577	76.26
761.805	94.17
762.034	276.84
762.263	849.92
762.492	3493.24
762.721	9890.21
762.949	16321.22
763.178	20925.54
763.407	22859.68
763.635	22959.96
763.864	18113.88
764.092	13389.57
764.321	10321.81
764.55	8240.83
764.778	6922.75
765.007	5785.55
765.235	4881.16
765.464	4000.05
765.692	3124.32
765.921	2239.63
766.149	1559.1
766.377	1265.4
766.606	728.14
766.834	500.7
767.062	291.17
767.291	241.02
767.519	187.29
767.747	112.08
767.976	45.82
768.204	51.19
768.432	51.19
768.66	42.23
768.889	8.21
769.117	18.95
769.345	-4.33
769.573	24.33
769.801	-15.07
770.029	106.71
770.257	104.91
770.485	112.08
770.713	115.66
770.941	110.29
771.169	310.86
771.397	1362.1
771.625	3557.71
771.853	5858.97
772.081	7297.04
772.309	8149.49
772.537	7954.29
772.765	6444.59
772.992	4752.22
773.22	3700.98
773.448	3088.5
773.676	2472.44
773.903	1917.27
774.131	1791.91
774.359	1469.56
774.586	1045.12
774.814	909.01
775.042	574.12
775.269	418.32
775.497	149.69
775.725	95.96
775.952	88.8
776.18	-11.49
776.407	162.22
776.635	-4.33
776.862	29.7
777.09	-34.77
777.317	61.93
777.544	-70.59
777.772	-74.17
777.999	2.84
778.227	-11.49
778.454	-20.45
778.681	-22.24
778.908	61.93
779.136	11.79
779.363	40.44
779.59	56.56
779.817	24.33
780.045	33.28
780.272	-70.59
780.499	47.61
780.726	-58.05
780.953	47.61
781.18	-20.45
781.407	-11.49
781.634	54.77
781.861	-22.24
782.088	1.04
782.315	-4.33
782.542	11.79
782.769	-84.92
782.996	52.98
783.223	-29.4
783.45	44.03
783.677	22.54
783.904	2.84
784.13	29.7
784.357	-65.22
784.584	6.42
784.811	-54.47
785.038	61.93
785.264	-54.47
785.491	17.16
785.718	-86.71
785.944	-34.77
786.171	44.03
786.398	87.01
786.624	-24.03
786.851	38.65
787.077	-65.22
787.304	-83.13
787.53	-15.07
787.757	18.95
787.983	4.63
788.21	-15.07
788.436	33.28
788.663	42.23
788.889	137.15
789.115	-24.03
789.342	-40.15
789.568	-56.26
789.794	85.22
790.021	78.05
790.247	15.37
790.473	-24.03
790.699	-43.73
790.926	-36.56
791.152	-101.03
791.378	-18.65
791.604	44.03
791.83	63.73
792.056	-126.11
792.282	-4.33
792.508	-49.1
792.735	164.01
792.961	-18.65
793.187	18.95
793.413	40.44
793.638	271.47
793.864	1170.48
794.09	3135.06
794.316	4771.92
794.542	5764.06
794.768	6066.71
794.994	5796.29
795.22	4360.02
795.445	3301.61
795.671	2626.46
795.897	2245
796.123	1697
796.348	1505.37
796.574	1285.1
796.8	993.19
797.025	878.57
797.251	543.68
797.477	332.36
797.702	352.05
797.928	140.73
798.153	223.11
798.379	13.58
798.604	158.64
798.83	10
799.055	112.08
799.281	167.6
799.506	361.01
799.732	1138.25
799.957	2390.06
800.182	3335.64
800.408	4445.98
800.633	6175.96
800.858	8076.07
801.084	8371.56
801.309	8575.72
801.534	8414.54
801.759	7091.09
801.985	5402.3
802.21	4299.13
802.435	3598.9
802.66	2830.62
802.885	2241.42
803.11	1962.04
803.335	1485.67
803.561	1190.18
803.786	815.89
804.011	751.42
804.236	364.59
804.461	434.43
804.685	278.63
804.91	174.76
805.135	88.8
805.36	113.87
805.585	101.33
805.81	81.63
806.035	-16.86
806.26	54.77
806.484	-90.29
806.709	128.2
806.934	26.12
807.159	72.68
807.383	36.86
807.608	61.93
807.833	-47.31
808.057	1.04
808.282	178.34
808.507	110.29
808.731	97.75
808.956	72.68
809.18	432.64
809.405	1410.46
809.629	3342.8
809.854	5416.63
810.078	6378.32
810.303	7819.97
810.527	9734.41
810.751	13343.01
810.976	17879.27
811.2	20481.4
811.425	21538.02
811.649	21289.08
811.873	17182.63
812.097	12836.19
812.322	10275.25
812.546	8228.29
812.77	6560.99
812.994	5448.86
813.219	4283.01
813.443	3421.6
813.667	2723.16
813.891	2180.53
814.115	1580.59
814.339	1195.55
814.563	925.13
814.787	579.49
815.011	466.67
815.235	262.51
815.459	210.58
815.683	124.61
815.907	128.2
816.131	95.96
816.355	54.77
816.579	33.28
816.802	8.21
817.026	42.23
817.25	36.86
817.474	69.1
817.698	-9.7
817.921	-97.45
818.145	-15.07
818.369	49.4
818.592	108.5
818.816	58.35
819.04	40.44
819.263	17.16
819.487	78.05
819.71	-79.54
819.934	31.49
820.158	-41.94
820.381	-6.12
820.605	-22.24
820.828	-22.24
821.051	-52.68
821.275	-47.31
821.498	92.38
821.722	78.05
821.945	-36.56
822.168	15.37
822.392	-6.12
822.615	27.91
822.838	-0.75
823.061	-108.2
823.285	-15.07
823.508	56.56
823.731	10
823.954	-15.07
824.177	-29.4
824.401	60.14
824.624	70.89
824.847	-31.19
825.07	95.96
825.293	110.29
825.516	817.68
825.739	2065.91
825.962	3045.52
826.185	3661.58
826.408	3951.7
826.631	3631.13
826.854	2873.6
827.077	2101.73
827.299	1707.74
827.522	1179.44
827.745	1113.17
827.968	769.33
828.191	706.65
828.413	527.56
828.636	373.55
828.859	412.94
829.082	305.49
829.304	183.71
829.527	284
829.75	192.67
829.972	97.75
830.195	72.68
830.417	-13.28
830.64	-38.35
830.862	49.4
831.085	133.57
831.307	10
831.53	-68.8
831.752	-95.66
831.975	60.14
832.197	115.66
832.42	1.04
832.642	-9.7
832.864	-88.5
833.087	-9.7
833.309	-97.45
833.531	20.74
833.753	-59.84
833.976	-59.84
834.198	51.19
834.42	11.79
834.642	-29.4
834.864	-24.03
835.086	-6.12
835.309	38.65
835.531	11.79
835.753	10
835.975	158.64
836.197	17.16
836.419	-20.45
836.641	-67.01
836.863	-38.35
837.085	13.58
837.307	36.86
837.529	-32.98
837.75	22.54
837.972	15.37
838.194	2.84
838.416	-43.73
838.638	-131.48
838.859	167.6
839.081	-4.33
839.303	90.59
839.525	56.56
839.746	588.45
839.968	1834.89
840.19	3697.39
840.411	4775.5
840.633	5479.31
840.855	5457.82
841.076	5153.37
841.298	4111.09
841.519	4592.83
841.741	6550.25
841.962	8484.38
842.184	8976.87
842.405	9386.98
842.626	8985.83
842.848	7082.13
843.069	5262.61
843.291	4257.94
843.512	3238.93
843.733	2633.62
843.955	2035.47
844.176	1666.55
844.397	1276.14
844.618	1138.25
844.839	839.17
845.061	747.84
845.282	609.94
845.503	468.46
845.724	432.64
845.945	253.56
846.166	233.86
846.387	217.74
846.608	162.22
846.829	-6.12
847.05	61.93
847.271	133.57
847.492	61.93
847.713	-6.12
847.934	-4.33
848.155	47.61
848.376	15.37
848.597	33.28
848.818	27.91
849.038	-41.94
849.259	-34.77
849.48	-4.33
849.701	-84.92
849.921	-58.05
850.142	-4.33
850.363	-22.24
850.584	-81.34
850.804	92.38
851.025	138.94
851.245	828.43
851.466	1657.6
851.687	2458.11
851.907	2732.12
852.128	2870.01
852.348	2673.02
852.569	1920.85
852.789	1471.35
853.009	1243.91
853.23	1000.35
853.45	669.04
853.671	536.51
853.891	463.09
854.111	416.53
854.332	301.91
854.552	219.53
854.772	189.09
854.992	83.42
855.213	210.58
855.433	99.54
855.653	144.31
855.873	101.33
856.093	47.61
856.313	36.86
856.533	85.22
856.753	10
856.974	-18.65
857.194	4.63
857.414	-29.4
857.634	-32.98
857.854	36.86
858.073	-70.59
858.293	-131.48
858.513	13.58
858.733	-102.83
858.953	-50.89
859.173	52.98
859.393	-45.52
859.612	-79.54
859.832	-106.41
860.052	-40.15
860.272	-63.43
860.491	-20.45
860.711	-93.87
860.931	27.91
861.15	-9.7
861.37	110.29
861.59	67.31
861.809	20.74
862.029	99.54
862.248	-41.94
862.468	112.08
862.687	29.7
862.907	52.98
863.126	131.78
863.346	-40.15
863.565	-63.43
863.785	78.05
864.004	-77.75
864.223	-52.68
864.443	-52.68
864.662	-65.22
864.881	10
865.1	-4.33
865.32	-67.01
865.539	-77.75
865.758	67.31
865.977	172.97
866.196	344.89
866.416	438.02
866.635	407.57
866.854	445.18
867.073	464.88
867.292	178.34
867.511	196.25
867.73	128.2
867.949	95.96
868.168	63.73
868.387	106.71
868.606	44.03
868.825	70.89
869.044	-13.28
869.262	92.38
869.481	-75.96
869.7	45.82
869.919	74.47
870.138	-0.75
870.356	-36.56
870.575	40.44
870.794	8.21
871.013	-45.52
871.231	-158.34
871.45	-54.47
871.668	26.12
871.887	-11.49
872.106	-52.68
872.324	6.42
872.543	-24.03
872.761	-20.45
872.98	-70.59
873.198	-52.68
873.417	35.07
873.635	-24.03
873.854	31.49
874.072	-11.49
874.29	1.04
874.509	-50.89
874.727	-92.08
874.945	87.01
875.164	-221.02
875.382	138.94
875.6	17.16
875.818	13.58
876.037	106.71
876.255	42.23
876.473	54.77
876.691	-20.45
876.909	67.31
877.127	6.42
877.345	124.61
877.563	1.04
877.781	-75.96
877.999	40.44
878.217	31.49
878.435	-106.41
878.653	-4.33
878.871	-63.43
879.089	29.7
879.307	94.17
879.525	-43.73
879.743	119.24
879.96	-25.82
880.178	-79.54
880.396	-0.75
880.614	-11.49
880.832	-84.92
881.049	44.03
881.267	-43.73
881.485	-25.82
881.702	-56.26
881.92	42.23
882.137	-36.56
882.355	6.42
882.573	-127.9
882.79	-54.47
883.008	-43.73
883.225	-0.75
883.443	-68.8
883.66	-72.38
883.877	47.61
884.095	-0.75
884.312	31.49
884.53	15.37
884.747	20.74
884.964	-67.01
885.182	35.07
885.399	-59.84
885.616	-97.45
885.833	-97.45
886.051	-6.12
886.268	-36.56
886.485	-24.03
886.702	112.08
886.919	-20.45
887.136	45.82
887.353	-133.27
887.57	51.19
887.788	-59.84
888.005	67.31
888.222	-102.83
888.439	-88.5
888.655	42.23
888.872	-77.75
889.089	-56.26
889.306	44.03
889.523	54.77
889.74	-25.82
889.957	-90.29
890.174	-15.07
890.39	-25.82
890.607	8.21
890.824	-63.43
891.041	1.04
891.257	24.33
891.474	1.04
891.691	-118.94
891.907	38.65
892.124	-111.78
892.34	-88.5
892.557	52.98
892.774	-2.54
892.99	51.19
893.207	-45.52
893.423	-84.92
893.64	58.35
893.856	-34.77
894.072	38.65
894.289	-34.77
894.505	-15.07
894.722	-108.2
894.938	-86.71
895.154	-145.81
895.37	-72.38
895.587	-32.98
895.803	-108.2
896.019	-29.4
896.235	4.63
896.452	-101.03
896.668	-38.35
896.884	85.22
897.1	-18.65
897.316	4.63
897.532	-83.13
897.748	-20.45
897.964	74.47
898.18	-77.75
898.396	47.61
898.612	-63.43
898.828	-22.24
899.044	11.79
899.26	-68.8
899.476	29.7
899.692	24.33
899.908	-43.73
900.123	-38.35
900.339	65.52
900.555	-15.07
900.771	-31.19
900.986	10
901.202	-102.83
901.418	-0.75
901.633	-58.05
901.849	1.04
902.065	18.95
902.28	72.68
902.496	-36.56
902.711	24.33
902.927	164.01
903.143	15.37
903.358	-36.56
903.573	-47.31
903.789	-31.19
904.004	27.91
904.22	-75.96
904.435	-140.43
904.651	36.86
904.866	-27.61
905.081	-101.03
905.296	-16.86
905.512	-38.35
905.727	-65.22
905.942	-15.07
906.157	-58.05
906.373	29.7
906.588	65.52
906.803	-79.54
907.018	10
907.233	52.98
907.448	-40.15
907.663	-18.65
907.878	17.16
908.093	1.04
908.308	-63.43
908.523	-142.22
908.738	-9.7
908.953	11.79
909.168	24.33
909.383	-18.65
909.598	-29.4
909.813	15.37
910.027	51.19
910.242	8.21
910.457	18.95
910.672	-15.07
910.887	171.18
911.101	461.3
911.316	1578.8
911.531	3378.62
911.745	4798.78
911.96	5293.06
912.174	5674.51
912.389	4861.46
912.604	3615.01
912.818	2456.32
913.033	2069.5
913.247	1582.38
913.462	1455.23
913.676	1140.04
913.89	937.67
914.105	747.84
914.319	679.78
914.534	579.49
914.748	572.33
914.962	532.93
915.177	538.3
915.391	396.83
915.605	361.01
915.819	368.17
916.034	416.53
916.248	357.43
916.462	122.82
916.676	58.35
916.89	-13.28
917.104	63.73
917.318	49.4
917.532	-32.98
917.746	156.85
917.96	-72.38
918.174	2.84
918.388	-4.33
918.602	-81.34
918.816	-79.54
919.03	-4.33
919.244	119.24
919.458	-41.94
919.672	-27.61
919.886	52.98
920.099	22.54
920.313	18.95
920.527	-15.07
920.741	-50.89
920.954	65.52
921.168	49.4
921.382	176.55
921.595	425.48
921.809	726.35
922.023	1005.72
922.236	794.4
922.45	935.88
922.663	864.24
922.877	549.05
923.09	430.85
923.304	328.77
923.517	194.46
923.731	90.59
923.944	126.41
924.157	239.23
924.371	106.71
924.584	196.25
924.797	47.61
925.011	51.19
925.224	129.99
925.437	45.82
925.65	72.68
925.864	-24.03
926.077	35.07
926.29	121.03
926.503	-49.1
926.716	110.29
926.929	22.54
927.142	-104.62
927.355	10
927.568	20.74
927.781	-84.92
927.994	-43.73
928.207	15.37
928.42	-20.45
928.633	63.73
928.846	-7.91
929.059	-36.56
929.272	2.84
929.485	31.49
929.697	-54.47
929.91	-65.22
930.123	-54.47
930.336	-95.66
930.549	87.01
930.761	-156.55
930.974	-61.64
931.187	65.52
931.399	-13.28
931.612	-32.98
931.824	-65.22
932.037	-74.17
932.249	-54.47
932.462	-7.91
932.675	8.21
932.887	-126.11
933.099	-45.52
933.312	-9.7
933.524	-54.47
933.737	-90.29
933.949	44.03
934.161	-27.61
934.374	-27.61
934.586	-6.12
934.798	40.44
935.011	-25.82
935.223	131.78
935.435	-29.4
935.647	-90.29
935.859	-24.03
936.072	-138.64
936.284	140.73
936.496	52.98
936.708	72.68
936.92	-145.81
937.132	-67.01
937.344	1.04
937.556	-16.86
937.768	-50.89
937.98	36.86
938.192	18.95
938.404	10
938.616	-77.75
938.828	27.91
939.039	70.89
939.251	-16.86
939.463	-34.77
939.675	-15.07
939.887	27.91
940.098	-79.54
940.31	90.59
940.522	17.16
940.733	-36.56
940.945	17.16
941.157	-97.45
941.368	-6.12
941.58	90.59
941.791	-54.47
942.003	-31.19
942.214	-74.17
942.426	-50.89
942.637	83.42
942.849	11.79
943.06	8.21
943.272	4.63
943.483	6.42
943.694	79.84
943.906	-135.06
944.117	-47.31
944.328	-31.19
944.54	-86.71
944.751	52.98
944.962	-79.54
945.173	29.7
945.384	-38.35
945.596	-75.96
945.807	-52.68
946.018	17.16
946.229	-161.92
946.44	-88.5
946.651	-13.28
946.862	-52.68
947.073	-20.45
947.284	4.63
947.495	-52.68
947.706	17.16
947.917	69.1
948.128	35.07
948.339	-38.35
948.549	-49.1
948.76	-34.77
948.971	-41.94
949.182	45.82
949.393	18.95
949.603	-101.03
949.814	-75.96
950.025	38.65
950.235	-106.41
950.446	-34.77
950.657	-25.82
950.867	-52.68
951.078	-67.01
951.288	-43.73
951.499	-90.29
951.709	-13.28
951.92	-84.92
952.13	-24.03
952.341	-65.22
952.551	-59.84
952.762	-58.05
952.972	-25.82
953.182	-113.57
953.393	60.14
953.603	-49.1
953.813	-108.2
954.024	29.7
954.234	-18.65
954.444	-24.03
954.654	-11.49
954.865	-169.09
955.075	27.91
955.285	169.39
955.495	-77.75
955.705	-77.75
955.915	22.54
956.125	24.33
956.335	101.33
956.545	-147.6
956.755	67.31
956.965	-25.82
957.175	79.84
957.385	-58.05
957.595	15.37
957.805	-34.77
958.015	58.35
958.224	49.4
958.434	10
958.644	-65.22
958.854	-22.24
959.064	-0.75
959.273	-36.56
959.483	-52.68
959.693	-79.54
959.902	-83.13
960.112	-136.85
960.322	81.63
960.531	-149.39
960.741	42.23
960.95	-59.84
961.16	-108.2
961.369	33.28
961.579	-65.22
961.788	-72.38
961.998	1.04
962.207	70.89
962.416	-88.5
962.626	17.16
962.835	-4.33
963.044	-72.38
963.254	-61.64
963.463	-88.5
963.672	-92.08
963.881	-52.68
964.091	35.07
964.3	-45.52
964.509	-34.77
964.718	106.71
964.927	101.33
965.136	185.5
965.345	284
965.554	253.56
965.763	282.21
965.972	285.79
966.181	271.47
966.39	198.04
966.599	244.6
966.808	298.33
967.017	113.87
967.226	42.23
967.435	58.35
967.644	92.38
967.852	69.1
968.061	124.61
968.27	174.76
968.479	17.16
968.687	106.71
968.896	108.5
969.105	-27.61
969.313	69.1
969.522	-6.12
969.731	-25.82
969.939	-29.4
970.148	6.42
970.356	65.52
970.565	13.58
970.773	-20.45
970.982	-11.49
971.19	-176.25
971.399	42.23
971.607	-43.73
971.815	-4.33
972.024	44.03
972.232	-95.66
972.44	-43.73
972.649	-0.75
972.857	-27.61
973.065	-54.47
973.273	-20.45
973.482	13.58
973.69	-144.02
973.898	-50.89
974.106	104.91
974.314	-36.56
974.522	-7.91
974.73	67.31
974.938	27.91
975.146	18.95
975.354	17.16
975.562	106.71
975.77	-149.39
975.978	-11.49
976.186	-20.45
976.394	-38.35
976.602	-11.49
976.81	-101.03
977.018	44.03
977.225	-18.65
977.433	65.52
977.641	-6.12
977.849	2.84
978.056	88.8
978.264	58.35
978.472	10
978.679	35.07
978.887	-2.54
979.094	61.93
979.302	31.49
979.51	-109.99
979.717	-36.56
979.925	4.63
980.132	76.26
980.339	1.04
980.547	-24.03
980.754	-25.82
980.962	15.37
981.169	90.59
981.376	10
981.584	-34.77
981.791	26.12
981.998	-147.6
982.206	-9.7
982.413	97.75
982.62	35.07
982.827	-124.32
983.034	18.95
983.242	-170.88
983.449	-70.59
983.656	-126.11
983.863	94.17
984.07	-117.15
984.277	-7.91
984.484	-47.31
984.691	-9.7
984.898	-47.31
985.105	-102.83
985.312	-75.96
985.519	-67.01
985.725	-52.68
985.932	-74.17
986.139	-67.01
986.346	-9.7
986.553	-9.7
986.759	-99.24
986.966	54.77
987.173	-27.61
987.38	-95.66
987.586	-81.34
987.793	-90.29
988	-34.77
988.206	-25.82
988.413	-2.54
988.619	1.04
988.826	-27.61
989.032	70.89
989.239	18.95
989.445	-27.61
989.652	45.82
989.858	-111.78
990.064	-11.49
990.271	-24.03
990.477	2.84
990.684	-24.03
990.89	83.42
991.096	54.77
991.302	22.54
991.509	-2.54
991.715	-41.94
991.921	-106.41
992.127	11.79
992.333	-144.02
992.539	-27.61
992.746	-47.31
992.952	-90.29
993.158	-109.99
993.364	-7.91
993.57	-93.87
993.776	-63.43
993.982	-67.01
994.188	1.04
994.394	-68.8
994.599	-65.22
994.805	-111.78
995.011	-45.52
995.217	-68.8
995.423	-117.15
995.629	-32.98
995.834	-34.77
996.04	-45.52
996.246	-63.43
996.452	54.77
996.657	11.79
996.863	-104.62
997.068	-9.7
997.274	45.82
997.48	-77.75
997.685	-34.77
997.891	-49.1
998.096	22.54
998.302	-56.26
998.507	-65.22
998.713	95.96
998.918	-50.89
999.123	-29.4
999.329	27.91
999.534	-90.29
999.74	-120.73
999.945	-68.8
1000.15	-68.8
1000.355	-122.53
1000.561	47.61
1000.766	27.91
1000.971	-41.94
1001.176	-45.52
1001.381	-0.75
1001.586	-52.68
1001.792	-97.45
1001.997	-15.07
1002.202	-13.28
1002.407	-36.56
1002.612	-9.7
1002.817	11.79
1003.022	-32.98
1003.227	-7.91
1003.432	2.84
1003.637	-74.17
1003.841	-27.61
1004.046	-63.43
1004.251	-11.49
1004.456	-70.59
1004.661	11.79
1004.865	-68.8
1005.07	-25.82
1005.275	36.86
1005.48	-54.47
1005.684	-2.54
1005.889	-59.84
1006.094	1.04
1006.298	-68.8
1006.503	26.12
1006.707	22.54
1006.912	-41.94
1007.116	-29.4
1007.321	-56.26
1007.525	51.19
1007.73	-115.36
1007.934	-61.64
1008.139	-25.82
1008.343	-4.33
1008.547	-86.71
1008.752	-97.45
1008.956	-59.84
1009.16	-56.26
1009.364	-38.35
1009.569	35.07
1009.773	29.7
1009.977	-9.7
1010.181	-54.47
1010.385	-20.45
1010.589	-129.69
1010.794	-54.47
1010.998	-38.35
1011.202	33.28
1011.406	-50.89
1011.61	-58.05
1011.814	-138.64
1012.018	-174.46
1012.222	-2.54
1012.426	-58.05
1012.629	-0.75
1012.833	15.37
1013.037	-127.9
1013.241	-117.15
1013.445	-18.65
1013.649	-83.13
1013.852	-4.33
1014.056	-22.24
1014.26	4.63
1014.463	-31.19
1014.667	72.68
1014.871	-38.35
1015.074	-50.89
1015.278	-74.17
1015.482	-92.08
1015.685	27.91
1015.889	-27.61
1016.092	-108.2
1016.296	-31.19
1016.499	27.91
1016.703	56.56
1016.906	-151.18
1017.109	-29.4
1017.313	-20.45
1017.516	-25.82
1017.719	-22.24
1017.923	-22.24
1018.126	-50.89
1018.329	-68.8
1018.532	-20.45
1018.736	2.84
1018.939	45.82
1019.142	60.14
1019.345	-24.03
1019.548	-43.73
1019.751	8.21
1019.954	-41.94
1020.157	-38.35
1020.361	-41.94
1020.564	-54.47
1020.766	-129.69
1020.969	153.27
1021.172	-74.17
1021.375	-72.38
1021.578	-174.46
1021.781	-47.31
1021.984	-49.1
1022.187	18.95
1022.389	-25.82
1022.592	-49.1
1022.795	-6.12
1022.998	-126.11
1023.2	65.52
1023.403	-81.34
1023.606	49.4
1023.808	24.33
1024.011	-13.28
1024.214	-58.05
1024.416	8.21
1024.619	-50.89
1024.821	26.12
1025.024	-22.24
1025.226	-43.73
1025.429	-101.03
1025.631	-11.49
1025.833	-2.54
1026.036	-32.98
1026.238	-68.8
1026.441	-83.13
1026.643	11.79
1026.845	-24.03
1027.047	-9.7
1027.25	-34.77
1027.452	-24.03
1027.654	97.75
1027.856	-99.24
1028.058	-92.08
1028.261	-65.22
1028.463	-127.9
1028.665	-2.54
1028.867	-65.22
1029.069	10
1029.271	-15.07
1029.473	-61.64
1029.675	-95.66
1029.877	-50.89
1030.079	-27.61
1030.281	-72.38
1030.482	29.7
1030.684	11.79
1030.886	-32.98
1031.088	-111.78
1031.29	-11.49
1031.491	-133.27
1031.693	-20.45
1031.895	104.91
1032.097	-16.86
1032.298	-38.35
1032.5	58.35
1032.701	-15.07
1032.903	-38.35
1033.105	36.86
1033.306	18.95
1033.508	-15.07
1033.709	6.42
1033.911	-27.61
1034.112	-32.98
1034.314	-81.34
1034.515	-7.91
1034.716	-58.05
1034.918	-47.31
1035.119	-20.45
1035.32	-70.59
1035.522	6.42
1035.723	17.16
1035.924	-38.35
1036.125	-101.03
1036.327	-54.47
1036.528	17.16
1036.729	-113.57
1036.93	1.04
1037.131	-43.73
1037.332	-74.17
1037.533	-38.35
1037.734	-58.05
1037.935	-144.02
1038.136	-68.8
1038.337	-92.08
1038.538	-41.94
1038.739	-36.56
1038.94	-40.15
1039.141	-92.08
1039.342	-75.96
1039.543	-61.64
1039.744	17.16
1039.944	-56.26
1040.145	-29.4
1040.346	-92.08
1040.547	18.95
1040.747	-81.34
1040.948	-18.65
1041.149	10
1041.349	-79.54
1041.55	-92.08
1041.75	-106.41
1041.951	15.37
1042.152	-31.19
1042.352	-29.4
1042.553	-140.43
1042.753	-118.94
1042.953	81.63
1043.154	-92.08
1043.354	-101.03
1043.555	-31.19
1043.755	-34.77
1043.955	-38.35
1044.156	-22.24
1044.356	-79.54
1044.556	-13.28
1044.756	-93.87
1044.957	-192.37
1045.157	35.07
1045.357	-7.91
1045.557	-97.45
1045.757	-43.73
1045.957	-50.89
1046.157	-43.73
1046.357	-32.98
1046.557	-56.26
1046.757	-54.47
1046.957	13.58
1047.157	-18.65
1047.357	-34.77
1047.557	-58.05
1047.757	-135.06
1047.957	-68.8
1048.157	-38.35
1048.356	-65.22
1048.556	-50.89
1048.756	-54.47
1048.956	15.37
1049.156	-9.7
1049.355	-25.82
1049.555	-90.29
1049.755	-16.86
1049.954	-108.2
1050.154	18.95
1050.353	69.1
1050.553	36.86
1050.752	-27.61
1050.952	74.47
1051.151	1.04
1051.351	44.03
1051.55	6.42
1051.75	-0.75
1051.949	69.1
1052.148	214.16
1052.348	-29.4
1052.547	35.07
1052.746	-54.47
1052.946	-13.28
1053.145	-18.65
1053.344	-40.15
1053.543	-58.05
1053.743	-59.84
1053.942	-50.89
1054.141	-9.7
1054.34	-84.92
1054.539	-111.78
1054.738	54.77
1054.937	-25.82
1055.136	-77.75
1055.335	-97.45
1055.534	-52.68
1055.733	-9.7
1055.932	-9.7
1056.131	-9.7
