194.216	-284.3
194.484	-284.3
194.753	-284.3
195.022	-307.58
195.29	73.87
195.559	93.57
195.827	-22.83
196.096	-37.16
196.364	14.77
196.633	27.31
196.901	-49.7
197.17	50.59
197.438	-17.46
197.706	75.66
197.975	-81.93
198.243	-71.19
198.512	18.36
198.78	55.96
199.048	-26.42
199.317	12.98
199.585	97.15
199.853	88.2
200.122	47.01
200.39	23.73
200.658	-64.02
200.926	98.95
201.195	48.8
201.463	-47.91
201.731	77.46
201.999	11.19
202.267	79.25
202.536	0.45
202.804	70.29
203.072	-6.72
203.34	116.85
203.608	32.68
203.876	-17.46
204.144	104.32
204.412	-6.72
204.68	30.89
204.948	2.24
205.216	73.87
205.484	-19.25
205.752	43.43
206.02	30.89
206.288	55.96
206.556	-69.4
206.824	73.87
207.092	-24.62
207.36	131.18
207.628	7.61
207.896	23.73
208.164	59.55
208.431	91.78
208.699	-19.25
208.967	-64.02
209.235	95.36
209.503	38.06
209.77	-3.13
210.038	-30
210.306	47.01
210.573	98.95
210.841	48.8
211.109	38.06
211.377	43.43
211.644	23.73
211.912	-35.37
212.179	4.03
212.447	-69.4
212.715	-21.04
212.982	245.8
213.25	72.08
213.517	81.04
213.785	55.96
214.052	-6.72
214.32	12.98
214.587	-35.37
214.855	131.18
215.122	-38.95
215.39	50.59
215.657	-89.1
215.925	-110.59
216.192	12.98
216.459	2.24
216.727	57.76
216.994	12.98
217.261	27.31
217.529	82.83
217.796	102.53
218.063	147.3
218.331	29.1
218.598	29.1
218.865	134.76
219.132	-19.25
219.399	88.2
219.667	82.83
219.934	100.74
220.201	75.66
220.468	63.13
220.735	-90.89
221.002	23.73
221.27	-28.21
221.537	84.62
221.804	86.41
222.071	-37.16
222.338	149.09
222.605	54.17
222.872	-35.37
223.139	75.66
223.406	47.01
223.673	89.99
223.94	38.06
224.207	11.19
224.474	16.57
224.741	30.89
225.007	-55.07
225.274	-19.25
225.541	73.87
225.808	-62.23
226.075	106.11
226.342	-4.92
226.609	-40.74
226.875	63.13
227.142	98.95
227.409	-67.61
227.676	152.67
227.942	20.15
228.209	-78.35
228.476	104.32
228.742	27.31
229.009	-33.58
229.276	36.27
229.542	61.34
229.809	12.98
230.076	29.1
230.342	48.8
230.609	-49.7
230.875	170.58
231.142	43.43
231.408	79.25
231.675	0.45
231.941	47.01
232.208	14.77
232.474	64.92
232.741	29.1
233.007	-67.61
233.274	113.27
233.54	25.52
233.807	-78.35
234.073	-10.3
234.339	77.46
234.606	72.08
234.872	45.22
235.138	61.34
235.405	45.22
235.671	4.03
235.937	-6.72
236.203	9.4
236.47	12.98
236.736	27.31
237.002	20.15
237.268	-6.72
237.535	63.13
237.801	111.48
238.067	79.25
238.333	7.61
238.599	-3.13
238.865	4.03
239.131	20.15
239.397	132.97
239.663	-117.75
239.929	124.02
240.195	38.06
240.462	93.57
240.728	-8.51
240.993	9.4
241.259	159.83
241.525	134.76
241.791	-53.28
242.057	43.43
242.323	-19.25
242.589	-8.51
242.855	97.15
243.121	34.47
243.387	29.1
243.652	45.22
243.918	64.92
244.184	-80.14
244.45	-49.7
244.716	61.34
244.981	5.82
245.247	21.94
245.513	36.27
245.779	-24.62
246.044	41.64
246.31	161.63
246.576	-10.3
246.841	64.92
247.107	9.4
247.373	36.27
247.638	278.03
247.904	124.02
248.169	75.66
248.435	23.73
248.7	32.68
248.966	39.85
249.231	12.98
249.497	12.98
249.762	84.62
250.028	141.93
250.293	-40.74
250.559	25.52
250.824	-64.02
251.09	93.57
251.355	39.85
251.62	73.87
251.886	5.82
252.151	-3.13
252.416	43.43
252.682	55.96
252.947	63.13
253.212	111.48
253.477	20.15
253.743	79.25
254.008	97.15
254.273	4.03
254.538	48.8
254.804	29.1
255.069	183.12
255.334	38.06
255.599	-62.23
255.864	14.77
256.129	-3.13
256.394	38.06
256.659	-65.81
256.925	-4.92
257.19	0.45
257.455	45.22
257.72	-1.34
257.985	100.74
258.25	-12.09
258.515	29.1
258.78	9.4
259.044	-46.11
259.309	-35.37
259.574	120.44
259.839	57.76
260.104	38.06
260.369	-1.34
260.634	-3.13
260.899	50.59
261.163	-103.42
261.428	-76.56
261.693	-3.13
261.958	48.8
262.223	-35.37
262.487	-44.32
262.752	106.11
263.017	81.04
263.281	25.52
263.546	-53.28
263.811	57.76
264.075	72.08
264.34	-51.49
264.605	23.73
264.869	156.25
265.134	-28.21
265.398	-60.44
265.663	-31.79
265.927	88.2
266.192	100.74
266.457	11.19
266.721	52.38
266.985	30.89
267.25	-22.83
267.514	18.36
267.779	38.06
268.043	152.67
268.308	-12.09
268.572	36.27
268.836	30.89
269.101	66.71
269.365	66.71
269.629	95.36
269.894	54.17
270.158	131.18
270.422	-47.91
270.687	-8.51
270.951	98.95
271.215	-15.67
271.479	-33.58
271.743	9.4
272.008	-24.62
272.272	79.25
272.536	50.59
272.8	59.55
273.064	2.24
273.328	106.11
273.592	21.94
273.856	89.99
274.12	5.82
274.385	-62.23
274.649	14.77
274.913	136.55
275.177	-90.89
275.441	150.88
275.704	-22.83
275.968	72.08
276.232	-21.04
276.496	-112.38
276.76	-38.95
277.024	47.01
277.288	-10.3
277.552	4.03
277.816	-62.23
278.079	131.18
278.343	38.06
278.607	12.98
278.871	52.38
279.135	5.82
279.398	2.24
279.662	48.8
279.926	-64.02
280.189	59.55
280.453	25.52
280.717	70.29
280.98	36.27
281.244	72.08
281.508	70.29
281.771	-90.89
282.035	14.77
282.298	89.99
282.562	47.01
282.826	-3.13
283.089	5.82
283.353	72.08
283.616	41.64
283.88	55.96
284.143	27.31
284.407	-46.11
284.67	7.61
284.933	168.79
285.197	18.36
285.46	32.68
285.724	70.29
285.987	64.92
286.25	9.4
286.514	77.46
286.777	88.2
287.04	-3.13
287.303	-21.04
287.567	-4.92
287.83	107.9
288.093	102.53
288.356	-30
288.62	47.01
288.883	9.4
289.146	32.68
289.409	-40.74
289.672	-28.21
289.935	20.15
290.198	-40.74
290.461	63.13
290.725	102.53
290.988	-13.88
291.251	54.17
291.514	-33.58
291.777	54.17
292.04	98.95
292.303	0.45
292.566	2.24
292.829	77.46
293.091	177.74
293.354	136.55
293.617	61.34
293.88	2.24
294.143	-53.28
294.406	39.85
294.669	-6.72
294.932	9.4
295.194	41.64
295.457	2.24
295.72	9.4
295.983	115.06
296.245	27.31
296.508	-10.3
296.771	81.04
297.034	167
297.296	-85.51
297.559	4.03
297.822	-98.05
298.084	95.36
298.347	20.15
298.609	29.1
298.872	-8.51
299.135	9.4
299.397	-62.23
299.66	-53.28
299.922	75.66
300.185	36.27
300.447	23.73
300.71	163.42
300.972	102.53
301.235	-26.42
301.497	-64.02
301.759	-37.16
302.022	-3.13
302.284	27.31
302.546	209.98
302.809	82.83
303.071	-17.46
303.333	48.8
303.596	29.1
303.858	73.87
304.12	16.57
304.383	95.36
304.645	-24.62
304.907	32.68
305.169	38.06
305.431	102.53
305.694	27.31
305.956	73.87
306.218	27.31
306.48	59.55
306.742	-69.4
307.004	-35.37
307.266	70.29
307.528	190.28
307.79	-1.34
308.052	141.93
308.314	82.83
308.576	-13.88
308.838	2.24
309.1	104.32
309.362	-17.46
309.624	27.31
309.886	4.03
310.148	38.06
310.41	55.96
310.672	-22.83
310.934	64.92
311.196	55.96
311.457	124.02
311.719	-49.7
311.981	-3.13
312.243	132.97
312.504	-56.86
312.766	192.07
313.028	75.66
313.29	91.78
313.551	-15.67
313.813	29.1
314.075	-13.88
314.336	141.93
314.598	-53.28
314.86	29.1
315.121	39.85
315.383	32.68
315.644	29.1
315.906	-51.49
316.167	136.55
316.429	-4.92
316.69	-19.25
316.952	-13.88
317.213	-10.3
317.475	158.04
317.736	38.06
317.998	-1.34
318.259	14.77
318.521	-19.25
318.782	165.21
319.043	127.6
319.305	-21.04
319.566	132.97
319.827	77.46
320.089	-49.7
320.35	11.19
320.611	100.74
320.872	-26.42
321.134	7.61
321.395	57.76
321.656	45.22
321.917	4.03
322.178	-4.92
322.44	54.17
322.701	-13.88
322.962	113.27
323.223	-33.58
323.484	30.89
323.745	30.89
324.006	43.43
324.267	86.41
324.528	63.13
324.789	84.62
325.05	-12.09
325.311	11.19
325.572	29.1
325.833	21.94
326.094	0.45
326.355	-37.16
326.616	-4.92
326.877	104.32
327.138	64.92
327.398	36.27
327.659	147.3
327.92	-40.74
328.181	34.47
328.442	175.95
328.702	4.03
328.963	106.11
329.224	66.71
329.485	75.66
329.745	-4.92
330.006	66.71
330.267	-3.13
330.527	84.62
330.788	-4.92
331.049	88.2
331.309	-101.63
331.57	81.04
331.83	75.66
332.091	-51.49
332.351	9.4
332.612	147.3
332.873	113.27
333.133	52.38
333.393	93.57
333.654	9.4
333.914	134.76
334.175	172.37
334.435	134.76
334.696	29.1
334.956	-1.34
335.216	93.57
335.477	32.68
335.737	-21.04
335.997	-42.53
336.258	68.5
336.518	100.74
336.778	163.42
337.038	0.45
337.299	165.21
337.559	77.46
337.819	129.39
338.079	21.94
338.34	-21.04
338.6	7.61
338.86	7.61
339.12	118.64
339.38	89.99
339.64	-17.46
339.9	193.86
340.16	154.46
340.42	127.6
340.68	63.13
340.94	-37.16
341.2	4.03
341.46	55.96
341.72	36.27
341.98	100.74
342.24	14.77
342.5	120.44
342.76	-124.91
343.02	107.9
343.28	122.23
343.54	201.02
343.799	-28.21
344.059	-1.34
344.319	36.27
344.579	265.5
344.839	25.52
345.098	11.19
345.358	54.17
345.618	-117.75
345.878	36.27
346.137	102.53
346.397	41.64
346.657	66.71
346.916	-55.07
347.176	64.92
347.435	-22.83
347.695	154.46
347.955	-72.98
348.214	55.96
348.474	47.01
348.733	-56.86
348.993	84.62
349.252	32.68
349.512	115.06
349.771	-30
350.031	115.06
350.29	64.92
350.549	52.38
350.809	161.63
351.068	75.66
351.328	43.43
351.587	4.03
351.846	-8.51
352.106	2.24
352.365	-69.4
352.624	64.92
352.883	20.15
353.143	18.36
353.402	235.05
353.661	34.47
353.92	122.23
354.179	107.9
354.439	77.46
354.698	-35.37
354.957	72.08
355.216	64.92
355.475	-21.04
355.734	54.17
355.993	57.76
356.252	-74.77
356.511	97.15
356.77	-24.62
357.029	59.55
357.288	-6.72
357.547	9.4
357.806	2.24
358.065	84.62
358.324	120.44
358.583	47.01
358.842	-30
359.101	-15.67
359.36	43.43
359.619	54.17
359.877	20.15
360.136	115.06
360.395	-56.86
360.654	-28.21
360.913	41.64
361.171	-56.86
361.43	4.03
361.689	-13.88
361.947	-17.46
362.206	36.27
362.465	125.81
362.723	-87.3
362.982	47.01
363.241	-1.34
363.499	57.76
363.758	55.96
364.016	61.34
364.275	27.31
364.533	-28.21
364.792	150.88
365.05	32.68
365.309	16.57
365.567	21.94
365.826	100.74
366.084	-3.13
366.343	5.82
366.601	12.98
366.86	79.25
367.118	75.66
367.376	70.29
367.635	68.5
367.893	82.83
368.151	-3.13
368.409	38.06
368.668	61.34
368.926	9.4
369.184	-44.32
369.442	-4.92
369.701	66.71
369.959	20.15
370.217	-15.67
370.475	11.19
370.733	45.22
370.991	-55.07
371.25	21.94
371.508	25.52
371.766	-22.83
372.024	48.8
372.282	-22.83
372.54	-10.3
372.798	-55.07
373.056	93.57
373.314	-60.44
373.572	136.55
373.83	59.55
374.088	-72.98
374.345	29.1
374.603	113.27
374.861	75.66
375.119	-65.81
375.377	-42.53
375.635	86.41
375.893	75.66
376.15	5.82
376.408	-10.3
376.666	4.03
376.924	89.99
377.181	34.47
377.439	89.99
377.697	98.95
377.954	30.89
378.212	95.36
378.47	11.19
378.727	-37.16
378.985	-49.7
379.243	45.22
379.5	-76.56
379.758	174.16
380.015	64.92
380.273	-38.95
380.53	30.89
380.788	120.44
381.045	91.78
381.303	11.19
381.56	30.89
381.818	63.13
382.075	11.19
382.332	50.59
382.59	-47.91
382.847	-12.09
383.105	79.25
383.362	-26.42
383.619	-46.11
383.876	-72.98
384.134	88.2
384.391	11.19
384.648	9.4
384.905	27.31
385.163	-60.44
385.42	-4.92
385.677	59.55
385.934	113.27
386.191	21.94
386.449	48.8
386.706	66.71
386.963	-37.16
387.22	97.15
387.477	72.08
387.734	93.57
387.991	66.71
388.248	54.17
388.505	34.47
388.762	50.59
389.019	21.94
389.276	20.15
389.533	5.82
389.79	0.45
390.047	93.57
390.304	25.52
390.56	4.03
390.817	43.43
391.074	21.94
391.331	-3.13
391.588	-26.42
391.844	109.69
392.101	-74.77
392.358	-74.77
392.615	77.46
392.871	-47.91
393.128	-12.09
393.385	12.98
393.641	113.27
393.898	-10.3
394.155	77.46
394.411	-62.23
394.668	89.99
394.925	165.21
395.181	48.8
395.438	-35.37
395.694	-44.32
395.951	52.38
396.207	154.46
396.464	-21.04
396.72	32.68
396.977	7.61
397.233	52.38
397.489	9.4
397.746	72.08
398.002	106.11
398.259	-24.62
398.515	-22.83
398.771	34.47
399.028	-71.19
399.284	18.36
399.54	48.8
399.796	57.76
400.053	-10.3
400.309	36.27
400.565	55.96
400.821	4.03
401.078	11.19
401.334	5.82
401.59	61.34
401.846	89.99
402.102	163.42
402.358	77.46
402.614	-74.77
402.87	2.24
403.126	-44.32
403.382	86.41
403.638	4.03
403.894	48.8
404.15	48.8
404.406	36.27
404.662	-53.28
404.918	-76.56
405.174	36.27
405.43	57.76
405.686	0.45
405.942	141.93
406.198	141.93
406.454	79.25
406.709	125.81
406.965	165.21
407.221	-6.72
407.477	-13.88
407.732	14.77
407.988	-26.42
408.244	86.41
408.5	4.03
408.755	-6.72
409.011	47.01
409.267	106.11
409.522	36.27
409.778	41.64
410.033	4.03
410.289	73.87
410.545	61.34
410.8	7.61
411.056	32.68
411.311	102.53
411.567	20.15
411.822	34.47
412.078	21.94
412.333	2.24
412.588	-8.51
412.844	21.94
413.099	161.63
413.355	-6.72
413.61	9.4
413.865	72.08
414.121	-24.62
414.376	59.55
414.631	61.34
414.887	9.4
415.142	122.23
415.397	52.38
415.652	109.69
415.907	-33.58
416.163	81.04
416.418	132.97
416.673	134.76
416.928	20.15
417.183	77.46
417.438	-69.4
417.693	30.89
417.949	89.99
418.204	0.45
418.459	-71.19
418.714	-22.83
418.969	27.31
419.224	102.53
419.479	-38.95
419.734	-67.61
419.989	-64.02
420.243	4.03
420.498	-1.34
420.753	23.73
421.008	-37.16
421.263	7.61
421.518	-40.74
421.773	72.08
422.027	-22.83
422.282	132.97
422.537	-3.13
422.792	16.57
423.047	4.03
423.301	-17.46
423.556	-40.74
423.811	152.67
424.065	-40.74
424.32	-33.58
424.575	48.8
424.829	102.53
425.084	152.67
425.338	-4.92
425.593	-90.89
425.848	57.76
426.102	73.87
426.357	9.4
426.611	9.4
426.866	-8.51
427.12	0.45
427.374	70.29
427.629	91.78
427.883	20.15
428.138	89.99
428.392	-46.11
428.646	-28.21
428.901	21.94
429.155	50.59
429.409	12.98
429.664	98.95
429.918	50.59
430.172	61.34
430.427	0.45
430.681	-35.37
430.935	11.19
431.189	7.61
431.443	66.71
431.698	-42.53
431.952	29.1
432.206	-33.58
432.46	18.36
432.714	-12.09
432.968	68.5
433.222	72.08
433.476	-8.51
433.73	23.73
433.984	131.18
434.238	-1.34
434.492	25.52
434.746	-24.62
435	170.58
435.254	-37.16
435.508	29.1
435.762	38.06
436.016	77.46
436.27	107.9
436.523	72.08
436.777	-6.72
437.031	52.38
437.285	61.34
437.539	79.25
437.792	21.94
438.046	104.32
438.3	2.24
438.553	156.25
438.807	4.03
439.061	-46.11
439.314	41.64
439.568	73.87
439.822	79.25
440.075	98.95
440.329	134.76
440.582	29.1
440.836	16.57
441.09	-17.46
441.343	89.99
441.597	-49.7
441.85	215.35
442.103	138.34
442.357	-15.67
442.61	38.06
442.864	32.68
443.117	7.61
443.371	23.73
443.624	21.94
443.877	-47.91
444.131	77.46
444.384	43.43
444.637	-15.67
444.89	165.21
445.144	120.44
445.397	-46.11
445.65	64.92
445.903	-96.26
446.157	36.27
446.41	4.03
446.663	-12.09
446.916	-38.95
447.169	30.89
447.422	-3.13
447.675	-65.81
447.928	77.46
448.181	81.04
448.435	113.27
448.688	-8.51
448.941	0.45
449.194	25.52
449.446	59.55
449.699	11.19
449.952	7.61
450.205	11.19
450.458	-65.81
450.711	34.47
450.964	-4.92
451.217	79.25
451.47	-19.25
451.722	25.52
451.975	-17.46
452.228	41.64
452.481	-38.95
452.733	34.47
452.986	-8.51
453.239	131.18
453.492	-89.1
453.744	20.15
453.997	143.72
454.25	-6.72
454.502	-69.4
454.755	38.06
455.007	39.85
455.26	183.12
455.513	-17.46
455.765	77.46
456.018	52.38
456.27	-15.67
456.523	-44.32
456.775	5.82
457.028	125.81
457.28	134.76
457.532	-38.95
457.785	132.97
458.037	14.77
458.29	-55.07
458.542	0.45
458.794	34.47
459.047	-19.25
459.299	64.92
459.551	-40.74
459.803	18.36
460.056	82.83
460.308	66.71
460.56	-3.13
460.812	-15.67
461.064	41.64
461.317	30.89
461.569	-15.67
461.821	73.87
462.073	-71.19
462.325	154.46
462.577	66.71
462.829	-28.21
463.081	-4.92
463.333	115.06
463.585	113.27
463.837	-8.51
464.089	-10.3
464.341	70.29
464.593	-56.86
464.845	36.27
465.097	32.68
465.349	-15.67
465.601	-46.11
465.852	-6.72
466.104	64.92
466.356	-40.74
466.608	18.36
466.86	-8.51
467.111	-35.37
467.363	89.99
467.615	-40.74
467.867	66.71
468.118	-99.84
468.37	107.9
468.622	-15.67
468.873	-4.92
469.125	34.47
469.376	132.97
469.628	161.63
469.88	-28.21
470.131	55.96
470.383	25.52
470.634	102.53
470.886	34.47
471.137	4.03
471.389	25.52
471.64	55.96
471.892	70.29
472.143	32.68
472.394	98.95
472.646	-90.89
472.897	7.61
473.148	89.99
473.4	-47.91
473.651	39.85
473.902	88.2
474.154	89.99
474.405	16.57
474.656	55.96
474.907	23.73
475.159	-8.51
475.41	-30
475.661	-40.74
475.912	107.9
476.163	109.69
476.414	79.25
476.665	-42.53
476.917	12.98
477.168	79.25
477.419	81.04
477.67	14.77
477.921	29.1
478.172	11.19
478.423	68.5
478.674	45.22
478.925	0.45
479.176	75.66
479.426	98.95
479.677	113.27
479.928	12.98
480.179	-60.44
480.43	134.76
480.681	97.15
480.932	21.94
481.182	21.94
481.433	91.78
481.684	18.36
481.935	-4.92
482.185	-13.88
482.436	47.01
482.687	21.94
482.937	2.24
483.188	91.78
483.439	158.04
483.689	98.95
483.94	54.17
484.19	-19.25
484.441	111.48
484.692	-21.04
484.942	-3.13
485.193	-123.12
485.443	66.71
485.694	-12.09
485.944	14.77
486.194	81.04
486.445	54.17
486.695	5.82
486.946	-4.92
487.196	89.99
487.446	38.06
487.697	91.78
487.947	50.59
488.197	38.06
488.448	2.24
488.698	-33.58
488.948	29.1
489.198	-10.3
489.449	16.57
489.699	38.06
489.949	-69.4
490.199	54.17
490.449	242.21
490.699	23.73
490.949	59.55
491.2	41.64
491.45	-1.34
491.7	-35.37
491.95	-51.49
492.2	-101.63
492.45	79.25
492.7	107.9
492.95	82.83
493.2	-24.62
493.45	89.99
493.699	36.27
493.949	18.36
494.199	-19.25
494.449	59.55
494.699	12.98
494.949	0.45
495.199	152.67
495.448	199.23
495.698	-30
495.948	111.48
496.198	43.43
496.447	63.13
496.697	0.45
496.947	25.52
497.196	116.85
497.446	72.08
497.696	-42.53
497.945	-42.53
498.195	27.31
498.444	138.34
498.694	-124.91
498.944	32.68
499.193	-46.11
499.443	64.92
499.692	5.82
499.942	9.4
500.191	16.57
500.44	102.53
500.69	-128.49
500.939	0.45
501.189	41.64
501.438	5.82
501.687	5.82
501.937	93.57
502.186	4.03
502.435	68.5
502.685	39.85
502.934	-13.88
503.183	-46.11
503.432	174.16
503.682	5.82
503.931	-4.92
504.18	97.15
504.429	-26.42
504.678	20.15
504.927	32.68
505.176	23.73
505.426	106.11
505.675	23.73
505.924	11.19
506.173	9.4
506.422	2.24
506.671	32.68
506.92	-8.51
507.169	27.31
507.418	120.44
507.667	45.22
507.915	59.55
508.164	-67.61
508.413	4.03
508.662	50.59
508.911	34.47
509.16	-51.49
509.408	20.15
509.657	84.62
509.906	18.36
510.155	-46.11
510.404	-6.72
510.652	-21.04
510.901	57.76
511.15	34.47
511.398	-1.34
511.647	-31.79
511.896	72.08
512.144	79.25
512.393	-10.3
512.641	-3.13
512.89	30.89
513.138	32.68
513.387	61.34
513.635	-33.58
513.884	91.78
514.132	102.53
514.381	-40.74
514.629	-47.91
514.878	-15.67
515.126	64.92
515.374	2.24
515.623	2.24
515.871	34.47
516.119	4.03
516.368	4.03
516.616	-72.98
516.864	-22.83
517.113	47.01
517.361	-37.16
517.609	-44.32
517.857	36.27
518.105	75.66
518.354	52.38
518.602	36.27
518.85	50.59
519.098	79.25
519.346	116.85
519.594	-44.32
519.842	-21.04
520.09	-96.26
520.338	-38.95
520.586	23.73
520.834	72.08
521.082	39.85
521.33	134.76
521.578	77.46
521.826	63.13
522.074	14.77
522.322	88.2
522.57	93.57
522.817	57.76
523.065	72.08
523.313	47.01
523.561	23.73
523.809	140.14
524.056	14.77
524.304	89.99
524.552	2.24
524.8	73.87
525.047	27.31
525.295	122.23
525.543	-1.34
525.79	59.55
526.038	167
526.285	118.64
526.533	158.04
526.781	75.66
527.028	77.46
527.276	195.65
527.523	-15.67
527.771	47.01
528.018	70.29
528.266	79.25
528.513	2.24
528.76	-17.46
529.008	-4.92
529.255	-3.13
529.502	18.36
529.75	-15.67
529.997	120.44
530.244	23.73
530.492	9.4
530.739	81.04
530.986	175.95
531.234	25.52
531.481	-126.7
531.728	-62.23
531.975	-76.56
532.222	-30
532.469	9.4
532.717	88.2
532.964	9.4
533.211	124.02
533.458	82.83
533.705	77.46
533.952	134.76
534.199	-12.09
534.446	66.71
534.693	134.76
534.94	143.72
535.187	-17.46
535.434	-69.4
535.681	77.46
535.928	-17.46
536.174	111.48
536.421	-22.83
536.668	70.29
536.915	-6.72
537.162	-15.67
537.409	-94.47
537.655	75.66
537.902	-64.02
538.149	72.08
538.396	-67.61
538.642	115.06
538.889	-22.83
539.136	47.01
539.382	-10.3
539.629	-30
539.875	18.36
540.122	72.08
540.369	23.73
540.615	41.64
540.862	-17.46
541.108	-87.3
541.355	100.74
541.601	-1.34
541.848	57.76
542.094	38.06
542.341	-146.4
542.587	43.43
542.833	-28.21
543.08	61.34
543.326	34.47
543.572	41.64
543.819	122.23
544.065	172.37
544.311	55.96
544.558	36.27
544.804	82.83
545.05	50.59
545.296	-6.72
545.542	54.17
545.789	75.66
546.035	131.18
546.281	18.36
546.527	11.19
546.773	-51.49
547.019	16.57
547.265	12.98
547.511	9.4
547.757	73.87
548.003	0.45
548.249	-12.09
548.495	14.77
548.741	48.8
548.987	113.27
549.233	-46.11
549.479	5.82
549.725	57.76
549.971	-42.53
550.217	82.83
550.463	41.64
550.708	21.94
550.954	-28.21
551.2	97.15
551.446	-19.25
551.691	64.92
551.937	57.76
552.183	61.34
552.429	48.8
552.674	-69.4
552.92	54.17
553.165	43.43
553.411	-22.83
553.657	43.43
553.902	-83.72
554.148	98.95
554.393	-24.62
554.639	89.99
554.884	86.41
555.13	-15.67
555.375	132.97
555.621	59.55
555.866	20.15
556.112	36.27
556.357	11.19
556.602	66.71
556.848	66.71
557.093	50.59
557.338	54.17
557.584	-8.51
557.829	163.42
558.074	73.87
558.32	93.57
558.565	27.31
558.81	32.68
559.055	82.83
559.3	202.82
559.546	72.08
559.791	11.19
560.036	170.58
560.281	-1.34
560.526	45.22
560.771	50.59
561.016	88.2
561.261	86.41
561.506	-24.62
561.751	-15.67
561.996	104.32
562.241	88.2
562.486	147.3
562.731	127.6
562.976	97.15
563.221	20.15
563.466	27.31
563.71	48.8
563.955	14.77
564.2	-37.16
564.445	4.03
564.69	61.34
564.934	-24.62
565.179	-107
565.424	97.15
565.669	-1.34
565.913	27.31
566.158	48.8
566.403	-24.62
566.647	30.89
566.892	82.83
567.136	-46.11
567.381	68.5
567.626	41.64
567.87	-33.58
568.115	-4.92
568.359	70.29
568.604	138.34
568.848	29.1
569.093	52.38
569.337	20.15
569.581	122.23
569.826	-40.74
570.07	47.01
570.315	16.57
570.559	25.52
570.803	-6.72
571.048	-40.74
571.292	106.11
571.536	-12.09
571.78	-12.09
572.025	183.12
572.269	23.73
572.513	-21.04
572.757	-65.81
573.001	-12.09
573.245	5.82
573.49	127.6
573.734	0.45
573.978	93.57
574.222	2.24
574.466	-53.28
574.71	11.19
574.954	14.77
575.198	-114.17
575.442	-33.58
575.686	-69.4
575.93	63.13
576.174	-3.13
576.418	57.76
576.661	131.18
576.905	30.89
577.149	36.27
577.393	88.2
577.637	-42.53
577.881	-33.58
578.124	-12.09
578.368	14.77
578.612	106.11
578.856	14.77
579.099	-19.25
579.343	106.11
579.587	32.68
579.83	-46.11
580.074	-3.13
580.318	9.4
580.561	32.68
580.805	63.13
581.048	116.85
581.292	-72.98
581.535	20.15
581.779	-105.21
582.022	4.03
582.266	27.31
582.509	0.45
582.753	57.76
582.996	73.87
583.239	95.36
583.483	-21.04
583.726	7.61
583.969	18.36
584.213	2.24
584.456	16.57
584.699	143.72
584.943	-67.61
585.186	5.82
585.429	9.4
585.672	-8.51
585.915	50.59
586.159	23.73
586.402	-56.86
586.645	-40.74
586.888	100.74
587.131	-13.88
587.374	-33.58
587.617	0.45
587.86	109.69
588.103	-67.61
588.346	4.03
588.589	116.85
588.832	-56.86
589.075	-4.92
589.318	-115.96
589.561	-40.74
589.804	52.38
590.047	-24.62
590.29	20.15
590.532	-31.79
590.775	109.69
591.018	109.69
591.261	98.95
591.504	-64.02
591.746	-8.51
591.989	66.71
592.232	-69.4
592.474	64.92
592.717	50.59
592.96	93.57
593.202	-33.58
593.445	91.78
593.688	-38.95
593.93	29.1
594.173	32.68
594.415	5.82
594.658	47.01
594.9	102.53
595.143	-49.7
595.385	2.24
595.628	39.85
595.87	84.62
596.112	5.82
596.355	39.85
596.597	9.4
596.84	-4.92
597.082	32.68
597.324	75.66
597.567	202.82
597.809	48.8
598.051	23.73
598.293	45.22
598.536	30.89
598.778	70.29
599.02	54.17
599.262	124.02
599.504	-4.92
599.746	52.38
599.988	125.81
600.231	41.64
600.473	-37.16
600.715	-115.96
600.957	5.82
601.199	12.98
601.441	140.14
601.683	86.41
601.925	75.66
602.167	-46.11
602.409	-13.88
602.65	34.47
602.892	79.25
603.134	2.24
603.376	106.11
603.618	-21.04
603.86	68.5
604.101	61.34
604.343	-58.65
604.585	86.41
604.827	18.36
605.068	77.46
605.31	-51.49
605.552	54.17
605.794	47.01
606.035	95.36
606.277	-135.66
606.518	7.61
606.76	9.4
607.002	41.64
607.243	-76.56
607.485	93.57
607.726	-28.21
607.968	9.4
608.209	111.48
608.451	45.22
608.692	115.06
608.933	57.76
609.175	-37.16
609.416	38.06
609.658	-8.51
609.899	32.68
610.14	0.45
610.382	79.25
610.623	84.62
610.864	-42.53
611.105	95.36
611.347	25.52
611.588	-110.59
611.829	-38.95
612.07	-121.33
612.311	20.15
612.553	-69.4
612.794	-26.42
613.035	41.64
613.276	-56.86
613.517	-17.46
613.758	174.16
613.999	-83.72
614.24	32.68
614.481	-10.3
614.722	95.36
614.963	134.76
615.204	195.65
615.445	109.69
615.686	127.6
615.927	267.29
616.167	193.86
616.408	152.67
616.649	45.22
616.89	132.97
617.131	106.11
617.372	4.03
617.612	95.36
617.853	12.98
618.094	9.4
618.334	36.27
618.575	-4.92
618.816	-15.67
619.056	111.48
619.297	-19.25
619.538	36.27
619.778	34.47
620.019	-78.35
620.259	9.4
620.5	-51.49
620.74	14.77
620.981	57.76
621.221	-21.04
621.462	73.87
621.702	32.68
621.943	29.1
622.183	-17.46
622.423	-3.13
622.664	27.31
622.904	-15.67
623.144	50.59
623.385	-8.51
623.625	-4.92
623.865	-3.13
624.105	118.64
624.346	-31.79
624.586	-49.7
624.826	-44.32
625.066	66.71
625.306	9.4
625.546	16.57
625.787	43.43
626.027	29.1
626.267	152.67
626.507	63.13
626.747	-90.89
626.987	-24.62
627.227	43.43
627.467	20.15
627.707	50.59
627.947	-15.67
628.187	30.89
628.427	18.36
628.666	129.39
628.906	-31.79
629.146	-10.3
629.386	-26.42
629.626	20.15
629.866	-74.77
630.105	-19.25
630.345	141.93
630.585	102.53
630.825	-38.95
631.064	131.18
631.304	-19.25
631.544	36.27
631.783	-58.65
632.023	16.57
632.262	-72.98
632.502	120.44
632.742	-53.28
632.981	-53.28
633.221	55.96
633.46	61.34
633.7	68.5
633.939	120.44
634.179	-51.49
634.418	64.92
634.657	23.73
634.897	-4.92
635.136	129.39
635.376	129.39
635.615	86.41
635.854	63.13
636.094	-15.67
636.333	54.17
636.572	50.59
636.811	82.83
637.051	154.46
637.29	-28.21
637.529	-15.67
637.768	86.41
638.007	98.95
638.246	-40.74
638.486	7.61
638.725	21.94
638.964	-78.35
639.203	129.39
639.442	-69.4
639.681	-24.62
639.92	32.68
640.159	18.36
640.398	-71.19
640.637	66.71
640.876	16.57
641.114	5.82
641.353	-15.67
641.592	-89.1
641.831	5.82
642.07	-40.74
642.309	43.43
642.548	122.23
642.786	88.2
643.025	89.99
643.264	-15.67
643.502	39.85
643.741	36.27
643.98	106.11
644.219	-69.4
644.457	-13.88
644.696	-69.4
644.934	54.17
645.173	82.83
645.412	106.11
645.65	61.34
645.889	84.62
646.127	-1.34
646.366	113.27
646.604	190.28
646.842	27.31
647.081	-6.72
647.319	-60.44
647.558	-17.46
647.796	-44.32
648.034	29.1
648.273	61.34
648.511	98.95
648.749	-37.16
648.988	25.52
649.226	107.9
649.464	12.98
649.702	-42.53
649.941	-67.61
650.179	-30
650.417	75.66
650.655	-67.61
650.893	-13.88
651.131	-40.74
651.369	-28.21
651.607	-47.91
651.845	2.24
652.083	-21.04
652.321	12.98
652.559	72.08
652.797	-90.89
653.035	-37.16
653.273	97.15
653.511	36.27
653.749	-6.72
653.987	-30
654.225	14.77
654.463	-8.51
654.701	-42.53
654.938	68.5
655.176	-24.62
655.414	-64.02
655.652	-3.13
655.889	-64.02
656.127	-137.45
656.365	149.09
656.602	-38.95
656.84	45.22
657.078	-21.04
657.315	14.77
657.553	-53.28
657.79	-55.07
658.028	-62.23
658.266	36.27
658.503	25.52
658.741	30.89
658.978	20.15
659.215	9.4
659.453	14.77
659.69	70.29
659.928	63.13
660.165	-53.28
660.402	-40.74
660.64	21.94
660.877	-21.04
661.114	-17.46
661.352	-8.51
661.589	-4.92
661.826	18.36
662.063	25.52
662.301	20.15
662.538	-31.79
662.775	34.47
663.012	-33.58
663.249	-47.91
663.486	-74.77
663.723	5.82
663.961	36.27
664.198	-80.14
664.435	-22.83
664.672	45.22
664.909	-28.21
665.146	-10.3
665.383	61.34
665.619	4.03
665.856	-30
666.093	-24.62
666.33	-22.83
666.567	-15.67
666.804	-19.25
667.041	-71.19
667.278	-47.91
667.514	-81.93
667.751	0.45
667.988	-12.09
668.225	-38.95
668.461	-15.67
668.698	-76.56
668.935	-31.79
669.171	45.22
669.408	-105.21
669.644	115.06
669.881	2.24
670.118	-87.3
670.354	-19.25
670.591	34.47
670.827	-89.1
671.064	-47.91
671.3	57.76
671.537	-47.91
671.773	-13.88
672.01	20.15
672.246	34.47
672.482	54.17
672.719	41.64
672.955	29.1
673.191	-78.35
673.428	64.92
673.664	-44.32
673.9	72.08
674.136	21.94
674.373	25.52
674.609	-35.37
674.845	68.5
675.081	0.45
675.317	75.66
675.553	-98.05
675.79	47.01
676.026	81.04
676.262	21.94
676.498	-87.3
676.734	-8.51
676.97	9.4
677.206	70.29
677.442	-17.46
677.678	132.97
677.914	-21.04
678.15	34.47
678.386	-24.62
678.621	34.47
678.857	84.62
679.093	-21.04
679.329	-42.53
679.565	38.06
679.8	14.77
680.036	39.85
680.272	-24.62
680.508	-17.46
680.743	27.31
680.979	68.5
681.215	20.15
681.45	-19.25
681.686	-55.07
681.922	11.19
682.157	-98.05
682.393	50.59
682.628	38.06
682.864	-15.67
683.099	27.31
683.335	124.02
683.57	-99.84
683.806	-44.32
684.041	57.76
684.277	-3.13
684.512	-8.51
684.747	104.32
684.983	150.88
685.218	68.5
685.453	-1.34
685.689	-38.95
685.924	52.38
686.159	86.41
686.394	-62.23
686.63	25.52
686.865	34.47
687.1	59.55
687.335	36.27
687.57	38.06
687.806	-30
688.041	-53.28
688.276	-30
688.511	115.06
688.746	-1.34
688.981	7.61
689.216	-83.72
689.451	-81.93
689.686	0.45
689.921	11.19
690.156	-67.61
690.391	2.24
690.625	30.89
690.86	39.85
691.095	-8.51
691.33	-8.51
691.565	-30
691.8	12.98
692.034	-87.3
692.269	0.45
692.504	111.48
692.739	-10.3
692.973	11.19
693.208	-74.77
693.443	-17.46
693.677	127.6
693.912	-62.23
694.146	-37.16
694.381	-62.23
694.616	-112.38
694.85	-49.7
695.085	-15.67
695.319	-107
695.554	102.53
695.788	34.47
696.023	-71.19
696.257	75.66
696.491	-24.62
696.726	-69.4
696.96	-21.04
697.194	-71.19
697.429	20.15
697.663	-12.09
697.897	45.22
698.132	4.03
698.366	-13.88
698.6	7.61
698.834	-40.74
699.068	-15.67
699.303	-98.05
699.537	25.52
699.771	158.04
700.005	-37.16
700.239	111.48
700.473	81.04
700.707	145.51
700.941	43.43
701.175	-71.19
701.409	-15.67
701.643	-26.42
701.877	-12.09
702.111	-89.1
702.345	-132.08
702.579	18.36
702.813	-4.92
703.047	-62.23
703.281	-19.25
703.514	-12.09
703.748	38.06
703.982	12.98
704.216	-8.51
704.449	30.89
704.683	-37.16
704.917	-1.34
705.15	25.52
705.384	-56.86
705.618	-33.58
705.851	-31.79
706.085	-17.46
706.319	-119.54
706.552	-17.46
706.786	45.22
707.019	81.04
707.253	-12.09
707.486	-80.14
707.72	41.64
707.953	12.98
708.187	41.64
708.42	-44.32
708.653	57.76
708.887	14.77
709.12	-67.61
709.353	25.52
709.587	-92.68
709.82	36.27
710.053	29.1
710.286	-144.61
710.52	27.31
710.753	-110.59
710.986	7.61
711.219	-10.3
711.452	-78.35
711.686	-121.33
711.919	-51.49
712.152	-28.21
712.385	20.15
712.618	-24.62
712.851	-3.13
713.084	32.68
713.317	-135.66
713.55	7.61
713.783	12.98
714.016	12.98
714.249	45.22
714.482	25.52
714.714	21.94
714.947	11.19
715.18	-31.79
715.413	-80.14
715.646	-1.34
715.878	-60.44
716.111	70.29
716.344	2.24
716.577	11.19
716.809	-35.37
717.042	-19.25
717.275	107.9
717.507	84.62
717.74	66.71
717.973	47.01
718.205	38.06
718.438	-3.13
718.67	-74.77
718.903	-4.92
719.135	-65.81
719.368	-19.25
719.6	9.4
719.833	12.98
720.065	55.96
720.297	7.61
720.53	12.98
720.762	-26.42
720.995	-6.72
721.227	29.1
721.459	11.19
721.691	-13.88
721.924	-1.34
722.156	29.1
722.388	-103.42
722.62	141.93
722.853	-35.37
723.085	-81.93
723.317	54.17
723.549	-37.16
723.781	-49.7
724.013	-21.04
724.245	2.24
724.477	-65.81
724.709	14.77
724.941	72.08
725.173	18.36
725.405	-4.92
725.637	-6.72
725.869	32.68
726.101	36.27
726.333	70.29
726.565	-44.32
726.797	0.45
727.028	20.15
727.26	18.36
727.492	-31.79
727.724	57.76
727.956	36.27
728.187	-42.53
728.419	38.06
728.651	63.13
728.882	-67.61
729.114	47.01
729.346	-24.62
729.577	-15.67
729.809	14.77
730.04	-26.42
730.272	-76.56
730.503	-69.4
730.735	-21.04
730.966	29.1
731.198	-12.09
731.429	106.11
731.661	-76.56
731.892	115.06
732.124	-49.7
732.355	-55.07
732.586	54.17
732.818	34.47
733.049	4.03
733.28	-10.3
733.512	9.4
733.743	20.15
733.974	39.85
734.205	5.82
734.436	-119.54
734.668	95.36
734.899	-53.28
735.13	-8.51
735.361	25.52
735.592	-112.38
735.823	-98.05
736.054	38.06
736.285	-64.02
736.516	-87.3
736.747	45.22
736.978	45.22
737.209	-87.3
737.44	43.43
737.671	-103.42
737.902	84.62
738.133	-58.65
738.364	-35.37
738.594	-46.11
738.825	-12.09
739.056	-78.35
739.287	118.64
739.518	18.36
739.748	-72.98
739.979	-33.58
740.21	75.66
740.44	-72.98
740.671	-8.51
740.902	4.03
741.132	27.31
741.363	-19.25
741.593	39.85
741.824	0.45
742.055	-26.42
742.285	-6.72
742.516	-141.03
742.746	-44.32
742.976	-6.72
743.207	-101.63
743.437	68.5
743.668	-83.72
743.898	-10.3
744.128	-78.35
744.359	-13.88
744.589	-37.16
744.819	12.98
745.05	41.64
745.28	100.74
745.51	-121.33
745.74	-3.13
745.971	122.23
746.201	143.72
746.431	-96.26
746.661	21.94
746.891	-37.16
747.121	-49.7
747.351	68.5
747.581	2.24
747.811	-46.11
748.041	115.06
748.271	18.36
748.501	45.22
748.731	45.22
748.961	2.24
749.191	25.52
749.421	45.22
749.651	145.51
749.881	55.96
750.111	-8.51
750.34	-30
750.57	-65.81
750.8	45.22
751.03	-21.04
751.259	-35.37
751.489	-35.37
751.719	7.61
751.949	-80.14
752.178	47.01
752.408	-74.77
752.637	-24.62
752.867	-17.46
753.097	32.68
753.326	-58.65
753.556	5.82
753.785	-40.74
754.015	48.8
754.244	-30
754.474	-28.21
754.703	-21.04
754.932	52.38
755.162	-24.62
755.391	-24.62
755.621	-21.04
755.85	-81.93
756.079	55.96
756.309	77.46
756.538	-12.09
756.767	14.77
756.996	91.78
757.225	-17.46
757.455	54.17
757.684	38.06
757.913	-13.88
758.142	-85.51
758.371	-12.09
758.6	-62.23
758.829	-22.83
759.058	7.61
759.287	-78.35
759.516	52.38
759.745	-94.47
759.974	-17.46
760.203	-17.46
760.432	-46.11
760.661	-26.42
760.89	21.94
761.119	45.22
761.348	27.31
761.577	70.29
761.805	-87.3
762.034	-71.19
762.263	-51.49
762.492	18.36
762.721	-31.79
762.949	11.19
763.178	18.36
763.407	0.45
763.635	45.22
763.864	-22.83
764.092	45.22
764.321	-148.19
764.55	-10.3
764.778	77.46
765.007	75.66
765.235	-101.63
765.464	-19.25
765.692	-137.45
765.921	-17.46
766.149	34.47
766.377	125.81
766.606	27.31
766.834	-24.62
767.062	-44.32
767.291	57.76
767.519	2.24
767.747	-38.95
767.976	-83.72
768.204	7.61
768.432	11.19
768.66	41.64
768.889	-40.74
769.117	-19.25
769.345	-64.02
769.573	-90.89
769.801	32.68
770.029	5.82
770.257	9.4
770.485	39.85
770.713	-12.09
770.941	-12.09
771.169	-81.93
771.397	73.87
771.625	-26.42
771.853	-26.42
772.081	-33.58
772.309	-30
772.537	12.98
772.765	38.06
772.992	-47.91
773.22	-26.42
773.448	29.1
773.676	-81.93
773.903	-33.58
774.131	-30
774.359	-65.81
774.586	-114.17
774.814	77.46
775.042	34.47
775.269	14.77
775.497	-21.04
775.725	25.52
775.952	143.72
776.18	208.19
776.407	1160.93
776.635	2170.98
776.862	3952.89
777.09	5509.16
777.317	6959.76
777.544	7647.45
777.772	7156.75
777.999	6007.02
778.227	4653.12
778.454	3906.33
778.681	3222.22
778.908	2787.04
779.136	2240.82
779.363	1664.16
779.59	1348.97
779.817	981.84
780.045	630.83
780.272	423.09
780.499	321.01
780.726	95.36
780.953	179.53
781.18	100.74
781.407	47.01
781.634	107.9
781.861	-8.51
782.088	-92.68
782.315	39.85
782.542	-26.42
782.769	-56.86
782.996	50.59
783.223	-6.72
783.45	73.87
783.677	59.55
783.904	61.34
784.13	-10.3
784.357	-81.93
784.584	73.87
784.811	-65.81
785.038	73.87
785.264	9.4
785.491	-15.67
785.718	-62.23
785.944	-92.68
786.171	27.31
786.398	77.46
786.624	-85.51
786.851	5.82
787.077	-24.62
787.304	11.19
787.53	11.19
787.757	-6.72
787.983	-24.62
788.21	52.38
788.436	52.38
788.663	-76.56
788.889	-46.11
789.115	-58.65
789.342	70.29
789.568	-72.98
789.794	-47.91
790.021	134.76
790.247	36.27
790.473	-6.72
790.699	-99.84
790.926	-62.23
791.152	-42.53
791.378	-89.1
791.604	7.61
791.83	50.59
792.056	-83.72
792.282	-89.1
792.508	-83.72
792.735	118.64
792.961	-35.37
793.187	-72.98
793.413	-83.72
793.638	20.15
793.864	-115.96
794.09	11.19
794.316	-17.46
794.542	16.57
794.768	-31.79
794.994	-78.35
795.22	-58.65
795.445	116.85
795.671	34.47
795.897	-55.07
796.123	-64.02
796.348	4.03
796.574	-47.91
796.8	-92.68
797.025	77.46
797.251	-17.46
797.477	-19.25
797.702	-8.51
797.928	54.17
798.153	68.5
798.379	-87.3
798.604	77.46
798.83	-64.02
799.055	-15.67
799.281	-12.09
799.506	-17.46
799.732	-13.88
799.957	-74.77
800.182	-3.13
800.408	12.98
800.633	106.11
800.858	54.17
801.084	-47.91
801.309	-26.42
801.534	-78.35
801.759	-6.72
801.985	-12.09
802.21	-44.32
802.435	152.67
802.66	57.76
802.885	-121.33
803.11	-37.16
803.335	-49.7
803.561	-126.7
803.786	39.85
804.011	7.61
804.236	-167.89
804.461	39.85
804.685	-37.16
804.91	63.13
805.135	-13.88
805.36	-37.16
805.585	-47.91
805.81	50.59
806.035	-103.42
806.26	11.19
806.484	-46.11
806.709	88.2
806.934	-42.53
807.159	20.15
807.383	-47.91
807.608	59.55
807.833	-65.81
808.057	25.52
808.282	86.41
808.507	38.06
808.731	2.24
808.956	21.94
809.18	-72.98
809.405	21.94
809.629	-1.34
809.854	-26.42
810.078	-38.95
810.303	-149.99
810.527	-3.13
810.751	-92.68
810.976	-47.91
811.2	12.98
811.425	39.85
811.649	27.31
811.873	-46.11
812.097	66.71
812.322	36.27
812.546	38.06
812.77	7.61
812.994	84.62
813.219	-98.05
813.443	-17.46
813.667	-137.45
813.891	-64.02
814.115	-17.46
814.339	-62.23
814.563	-80.14
814.787	-10.3
815.011	11.19
815.235	-22.83
815.459	-15.67
815.683	-46.11
815.907	16.57
816.131	-4.92
816.355	-3.13
816.579	-3.13
816.802	-47.91
817.026	48.8
817.25	20.15
817.474	5.82
817.698	-76.56
817.921	-22.83
818.145	-99.84
818.369	-74.77
818.592	122.23
818.816	66.71
819.04	21.94
819.263	32.68
819.487	20.15
819.71	-64.02
819.934	5.82
820.158	14.77
820.381	-83.72
820.605	-13.88
820.828	-46.11
821.051	-89.1
821.275	-49.7
821.498	-1.34
821.722	-13.88
821.945	2.24
822.168	52.38
822.392	-46.11
822.615	104.32
822.838	-149.99
823.061	-1.34
823.285	-58.65
823.508	-30
823.731	-26.42
823.954	-10.3
824.177	-17.46
824.401	-17.46
824.624	-28.21
824.847	-69.4
825.07	-15.67
825.293	-112.38
825.516	-22.83
825.739	-89.1
825.962	-51.49
826.185	-13.88
826.408	-19.25
826.631	-46.11
826.854	-12.09
827.077	-74.77
827.299	-17.46
827.522	-72.98
827.745	-47.91
827.968	-126.7
828.191	-19.25
828.413	-8.51
828.636	-124.91
828.859	-76.56
829.082	59.55
829.304	-1.34
829.527	75.66
829.75	55.96
829.972	16.57
830.195	-47.91
830.417	18.36
830.64	-98.05
830.862	18.36
831.085	55.96
831.307	-8.51
831.53	-83.72
831.752	-19.25
831.975	27.31
832.197	36.27
832.42	-17.46
832.642	-22.83
832.864	-22.83
833.087	-31.79
833.309	-96.26
833.531	34.47
833.753	-21.04
833.976	-17.46
834.198	-26.42
834.42	-22.83
834.642	-24.62
834.864	-24.62
835.086	-30
835.309	45.22
835.531	93.57
835.753	63.13
835.975	81.04
836.197	32.68
836.419	-58.65
836.641	-31.79
836.863	-42.53
837.085	-19.25
837.307	34.47
837.529	-13.88
837.75	-44.32
837.972	-49.7
838.194	-47.91
838.416	0.45
838.638	-81.93
838.859	64.92
839.081	-31.79
839.303	-22.83
839.525	-71.19
839.746	-15.67
839.968	57.76
840.19	-44.32
840.411	-3.13
840.633	-28.21
840.855	7.61
841.076	25.52
841.298	-6.72
841.519	34.47
841.741	-17.46
841.962	-17.46
842.184	-69.4
842.405	-85.51
842.626	-96.26
842.848	-58.65
843.069	95.36
843.291	-22.83
843.512	11.19
843.733	66.71
843.955	512.64
844.176	947.82
844.397	1304.2
844.618	1778.78
844.839	2011.59
845.061	1939.96
845.282	1585.37
845.503	1239.73
845.724	980.05
845.945	745.45
846.166	659.49
846.387	543.08
846.608	487.56
846.829	304.9
847.05	326.39
847.271	183.12
847.492	236.84
847.713	190.28
847.934	23.73
848.155	88.2
848.376	23.73
848.597	7.61
848.818	16.57
849.038	-15.67
849.259	-83.72
849.48	-22.83
849.701	-17.46
849.921	-51.49
850.142	-56.86
850.363	-65.81
850.584	-157.15
850.804	45.22
851.025	50.59
851.245	14.77
851.466	-71.19
851.687	-81.93
851.907	30.89
852.128	39.85
852.348	-17.46
852.569	-13.88
852.789	-30
853.009	9.4
853.23	-8.51
853.45	-12.09
853.671	-49.7
853.891	32.68
854.111	66.71
854.332	39.85
854.552	-76.56
854.772	-24.62
854.992	12.98
855.213	9.4
855.433	-94.47
855.653	-40.74
855.873	-1.34
856.093	-85.51
856.313	-47.91
856.533	-10.3
856.753	-19.25
856.974	-46.11
857.194	-21.04
857.414	-69.4
857.634	-76.56
857.854	41.64
858.073	-115.96
858.293	-89.1
858.513	-47.91
858.733	-26.42
858.953	-71.19
859.173	25.52
859.393	-72.98
859.612	12.98
859.832	-148.19
860.052	-21.04
860.272	-33.58
860.491	18.36
860.711	-153.57
860.931	-8.51
861.15	-64.02
861.37	-4.92
861.59	45.22
861.809	-15.67
862.029	-38.95
862.248	-78.35
862.468	48.8
862.687	-8.51
862.907	4.03
863.126	84.62
863.346	-17.46
863.565	-110.59
863.785	11.19
864.004	-80.14
864.223	-53.28
864.443	-30
864.662	5.82
864.881	-65.81
865.1	-24.62
865.32	-37.16
865.539	-67.61
865.758	25.52
865.977	-31.79
866.196	-37.16
866.416	-53.28
866.635	-72.98
866.854	-94.47
867.073	-12.09
867.292	-121.33
867.511	2.24
867.73	-38.95
867.949	7.61
868.168	-33.58
868.387	21.94
868.606	16.57
868.825	-47.91
869.044	-35.37
869.262	-76.56
869.481	-121.33
869.7	-55.07
869.919	-33.58
870.138	-21.04
870.356	-40.74
870.575	-13.88
870.794	16.57
871.013	-126.7
871.231	-85.51
871.45	59.55
871.668	-49.7
871.887	34.47
872.106	-108.8
872.324	132.97
872.543	-65.81
872.761	14.77
872.98	-99.84
873.198	-103.42
873.417	-55.07
873.635	0.45
873.854	-28.21
874.072	-35.37
874.29	45.22
874.509	-90.89
874.727	-114.17
874.945	57.76
875.164	-135.66
875.382	88.2
875.6	-26.42
875.818	50.59
876.037	21.94
876.255	-64.02
876.473	45.22
876.691	-37.16
876.909	68.5
877.127	-31.79
877.345	122.23
877.563	-37.16
877.781	18.36
877.999	-4.92
878.217	16.57
878.435	-71.19
878.653	-60.44
878.871	-33.58
879.089	-26.42
879.307	81.04
879.525	14.77
879.743	-55.07
879.96	-112.38
880.178	-47.91
880.396	38.06
880.614	7.61
880.832	-40.74
881.049	23.73
881.267	-47.91
881.485	-44.32
881.702	-74.77
881.92	-101.63
882.137	-22.83
882.355	30.89
882.573	-56.86
882.79	-76.56
883.008	-31.79
883.225	-24.62
883.443	-87.3
883.66	-107
883.877	-4.92
884.095	63.13
884.312	-47.91
884.53	21.94
884.747	-49.7
884.964	-76.56
885.182	14.77
885.399	-62.23
885.616	-49.7
885.833	-64.02
886.051	-4.92
886.268	-53.28
886.485	-37.16
886.702	39.85
886.919	-42.53
887.136	12.98
887.353	-44.32
887.57	-81.93
887.788	-101.63
888.005	54.17
888.222	-96.26
888.439	-31.79
888.655	48.8
888.872	-64.02
889.089	-19.25
889.306	-33.58
889.523	91.78
889.74	36.27
889.957	-71.19
890.174	-47.91
890.39	-55.07
890.607	-35.37
890.824	-56.86
891.041	-110.59
891.257	-58.65
891.474	-8.51
891.691	-117.75
891.907	0.45
892.124	-55.07
892.34	4.03
892.557	79.25
892.774	-12.09
892.99	36.27
893.207	38.06
893.423	-105.21
893.64	32.68
893.856	27.31
894.072	82.83
894.289	-44.32
894.505	-19.25
894.722	-112.38
894.938	-139.24
895.154	-33.58
895.37	-35.37
895.587	-33.58
895.803	-94.47
896.019	-44.32
896.235	-22.83
896.452	-85.51
896.668	-94.47
896.884	18.36
897.1	-92.68
897.316	-64.02
897.532	-78.35
897.748	-103.42
897.964	16.57
898.18	-99.84
898.396	-38.95
898.612	-31.79
898.828	-72.98
899.044	-19.25
899.26	-46.11
899.476	84.62
899.692	-69.4
899.908	-157.15
900.123	-55.07
900.339	27.31
900.555	-24.62
900.771	-37.16
900.986	-17.46
901.202	-30
901.418	21.94
901.633	-33.58
901.849	57.76
902.065	41.64
902.28	32.68
902.496	39.85
902.711	-19.25
902.927	50.59
903.143	50.59
903.358	-15.67
903.573	-30
903.789	-87.3
904.004	64.92
904.22	-42.53
904.435	-149.99
904.651	18.36
904.866	-103.42
905.081	-175.06
905.296	-81.93
905.512	75.66
905.727	-12.09
905.942	-47.91
906.157	-15.67
906.373	63.13
906.588	-22.83
906.803	-51.49
907.018	-44.32
907.233	-53.28
907.448	-74.77
907.663	-46.11
907.878	-103.42
908.093	-60.44
908.308	-158.94
908.523	-115.96
908.738	27.31
908.953	-15.67
909.168	-30
909.383	-10.3
909.598	-103.42
909.813	-60.44
910.027	-71.19
910.242	-42.53
910.457	55.96
910.672	-115.96
910.887	-4.92
911.101	-53.28
911.316	-24.62
911.531	-92.68
911.745	-56.86
911.96	-26.42
912.174	23.73
912.389	-40.74
912.604	43.43
912.818	-78.35
913.033	16.57
913.247	-83.72
913.462	2.24
913.676	-21.04
913.89	-142.82
914.105	-47.91
914.319	66.71
914.534	-26.42
914.748	-67.61
914.962	-46.11
915.177	-40.74
915.391	-108.8
915.605	-33.58
915.819	-19.25
916.034	145.51
916.248	16.57
916.462	11.19
916.676	-22.83
916.89	-126.7
917.104	16.57
917.318	9.4
917.532	45.22
917.746	43.43
917.96	-133.87
918.174	-62.23
918.388	-69.4
918.602	-83.72
918.816	-178.64
919.03	-90.89
919.244	30.89
919.458	-65.81
919.672	-80.14
919.886	-28.21
920.099	-26.42
920.313	-44.32
920.527	-21.04
920.741	25.52
920.954	21.94
921.168	20.15
921.382	-46.11
921.595	-35.37
921.809	-44.32
922.023	-17.46
922.236	-114.17
922.45	-26.42
922.663	79.25
922.877	14.77
923.09	-55.07
923.304	-35.37
923.517	-83.72
923.731	-56.86
923.944	-85.51
924.157	63.13
924.371	18.36
924.584	-47.91
924.797	-53.28
925.011	-71.19
925.224	-21.04
925.437	-58.65
925.65	48.8
925.864	-65.81
926.077	-71.19
926.29	50.59
926.503	-13.88
926.716	100.74
926.929	-21.04
927.142	-96.26
927.355	82.83
927.568	0.45
927.781	43.43
927.994	-64.02
928.207	23.73
928.42	-12.09
928.633	-35.37
928.846	-31.79
929.059	-3.13
929.272	38.06
929.485	-4.92
929.697	-17.46
929.91	-26.42
930.123	-55.07
930.336	-87.3
930.549	34.47
930.761	-15.67
930.974	48.8
931.187	-87.3
931.399	29.1
931.612	-71.19
931.824	-81.93
932.037	-46.11
932.249	7.61
932.462	-53.28
932.675	11.19
932.887	-83.72
933.099	-90.89
933.312	-107
933.524	-58.65
933.737	-80.14
933.949	-83.72
934.161	-30
934.374	29.1
934.586	43.43
934.798	29.1
935.011	-76.56
935.223	18.36
935.435	-96.26
935.647	-85.51
935.859	-64.02
936.072	-115.96
936.284	-8.51
936.496	30.89
936.708	18.36
936.92	-85.51
937.132	-49.7
937.344	-13.88
937.556	2.24
937.768	-58.65
937.98	18.36
938.192	-3.13
938.404	-89.1
938.616	-47.91
938.828	-64.02
939.039	41.64
939.251	-19.25
939.463	-80.14
939.675	-112.38
939.887	18.36
940.098	-81.93
940.31	30.89
940.522	4.03
940.733	-40.74
940.945	20.15
941.157	-69.4
941.368	-19.25
941.58	48.8
941.791	-26.42
942.003	-53.28
942.214	-76.56
942.426	-115.96
942.637	4.03
942.849	-72.98
943.06	16.57
943.272	-30
943.483	32.68
943.694	66.71
943.906	-121.33
944.117	-1.34
944.328	32.68
944.54	-87.3
944.751	81.04
944.962	21.94
945.173	-21.04
945.384	-80.14
945.596	-46.11
945.807	91.78
946.018	-13.88
946.229	-92.68
946.44	-92.68
946.651	-80.14
946.862	-60.44
947.073	68.5
947.284	-42.53
947.495	-60.44
947.706	-3.13
947.917	81.04
948.128	59.55
948.339	21.94
948.549	20.15
948.76	45.22
948.971	-1.34
949.182	-15.67
949.393	-46.11
949.603	-110.59
949.814	-80.14
950.025	-67.61
950.235	-46.11
950.446	-58.65
950.657	-80.14
950.867	-67.61
951.078	-101.63
951.288	-130.29
951.499	-74.77
951.709	97.15
951.92	-72.98
952.13	50.59
952.341	-35.37
952.551	-90.89
952.762	-72.98
952.972	-3.13
953.182	-103.42
953.393	-13.88
953.603	-51.49
953.813	-114.17
954.024	-37.16
954.234	81.04
954.444	-64.02
954.654	-28.21
954.865	-64.02
955.075	-13.88
955.285	145.51
955.495	-135.66
955.705	-71.19
955.915	-13.88
956.125	-13.88
956.335	102.53
956.545	-99.84
956.755	75.66
956.965	-46.11
957.175	-17.46
957.385	-87.3
957.595	4.03
957.805	-22.83
958.015	-51.49
958.224	-69.4
958.434	18.36
958.644	-94.47
958.854	-24.62
959.064	100.74
959.273	48.8
959.483	-162.52
959.693	-92.68
959.902	-55.07
960.112	-71.19
960.322	29.1
960.531	-83.72
960.741	21.94
960.95	-4.92
961.16	-56.86
961.369	-38.95
961.579	-58.65
961.788	-53.28
961.998	-47.91
962.207	79.25
962.416	9.4
962.626	0.45
962.835	-65.81
963.044	-69.4
963.254	-6.72
963.463	-101.63
963.672	-81.93
963.881	-49.7
964.091	41.64
964.3	-64.02
964.509	-89.1
964.718	52.38
964.927	43.43
965.136	72.08
965.345	-71.19
965.554	2.24
965.763	-55.07
965.972	4.03
966.181	18.36
966.39	-60.44
966.599	55.96
966.808	20.15
967.017	-58.65
967.226	-40.74
967.435	-44.32
967.644	-6.72
967.852	21.94
968.061	7.61
968.27	27.31
968.479	-64.02
968.687	64.92
968.896	32.68
969.105	-60.44
969.313	-53.28
969.522	-78.35
969.731	-31.79
969.939	30.89
970.148	38.06
970.356	59.55
970.565	-74.77
970.773	5.82
970.982	-15.67
971.19	-176.85
971.399	-47.91
971.607	52.38
971.815	4.03
972.024	122.23
972.232	-115.96
972.44	-126.7
972.649	-51.49
972.857	-44.32
973.065	-49.7
973.273	-21.04
973.482	16.57
973.69	-124.91
973.898	-74.77
974.106	-38.95
974.314	-56.86
974.522	77.46
974.73	16.57
974.938	-87.3
975.146	77.46
975.354	-24.62
975.562	75.66
975.77	-201.92
975.978	-103.42
976.186	-67.61
976.394	-37.16
976.602	-90.89
976.81	-96.26
977.018	-22.83
977.225	-44.32
977.433	0.45
977.641	-19.25
977.849	-130.29
978.056	39.85
978.264	-24.62
978.472	-110.59
978.679	-8.51
978.887	-89.1
979.094	81.04
979.302	20.15
979.51	-80.14
979.717	-71.19
979.925	-37.16
980.132	45.22
980.339	14.77
980.547	-42.53
980.754	-64.02
980.962	-6.72
981.169	-51.49
981.376	-35.37
981.584	-21.04
981.791	-31.79
981.998	-132.08
982.206	-53.28
982.413	14.77
982.62	39.85
982.827	-151.78
983.034	2.24
983.242	-98.05
983.449	-42.53
983.656	-80.14
983.863	57.76
984.07	-47.91
984.277	-26.42
984.484	-99.84
984.691	-89.1
984.898	-49.7
985.105	-158.94
985.312	-205.5
985.519	29.1
985.725	-87.3
985.932	-107
986.139	-6.72
986.346	23.73
986.553	104.32
986.759	-132.08
986.966	-24.62
987.173	-56.86
987.38	-62.23
987.586	-4.92
987.793	-65.81
988	-108.8
988.206	-160.73
988.413	-26.42
988.619	-112.38
988.826	-81.93
989.032	14.77
989.239	55.96
989.445	2.24
989.652	-1.34
989.858	-144.61
990.064	-85.51
990.271	-13.88
990.477	-12.09
990.684	-28.21
990.89	11.19
991.096	-53.28
991.302	-96.26
991.509	-101.63
991.715	-46.11
991.921	-72.98
992.127	-130.29
992.333	-94.47
992.539	-81.93
992.746	-30
992.952	-110.59
993.158	-46.11
993.364	-28.21
993.57	-148.19
993.776	-139.24
993.982	-58.65
994.188	-30
994.394	7.61
994.599	-83.72
994.805	-101.63
995.011	-53.28
995.217	-71.19
995.423	-89.1
995.629	-15.67
995.834	-24.62
996.04	-105.21
996.246	-85.51
996.452	23.73
996.657	-28.21
996.863	-148.19
997.068	23.73
997.274	43.43
997.48	-26.42
997.685	-21.04
997.891	-30
998.096	48.8
998.302	-21.04
998.507	-108.8
998.713	39.85
998.918	-103.42
999.123	-31.79
999.329	-21.04
999.534	-117.75
999.74	-148.19
999.945	-47.91
1000.15	-12.09
1000.355	-96.26
1000.561	48.8
1000.766	-8.51
1000.971	-123.12
1001.176	-112.38
1001.381	16.57
1001.586	-99.84
1001.792	14.77
1001.997	-78.35
1002.202	23.73
1002.407	-65.81
1002.612	11.19
1002.817	0.45
1003.022	-64.02
1003.227	9.4
1003.432	4.03
1003.637	-47.91
1003.841	-46.11
1004.046	-56.86
1004.251	-15.67
1004.456	-90.89
1004.661	27.31
1004.865	-72.98
1005.07	-3.13
1005.275	18.36
1005.48	-105.21
1005.684	-38.95
1005.889	-53.28
1006.094	-37.16
1006.298	-4.92
1006.503	-19.25
1006.707	-47.91
1006.912	5.82
1007.116	-38.95
1007.321	-12.09
1007.525	12.98
1007.73	-94.47
1007.934	-89.1
1008.139	-33.58
1008.343	-72.98
1008.547	-31.79
1008.752	4.03
1008.956	34.47
1009.16	34.47
1009.364	-99.84
1009.569	-8.51
1009.773	-47.91
1009.977	-81.93
1010.181	-85.51
1010.385	-28.21
1010.589	-46.11
1010.794	-87.3
1010.998	-44.32
1011.202	39.85
1011.406	-17.46
1011.61	-87.3
1011.814	-164.31
1012.018	-78.35
1012.222	16.57
1012.426	-123.12
1012.629	39.85
1012.833	-21.04
1013.037	-78.35
1013.241	-101.63
1013.445	-56.86
1013.649	-33.58
1013.852	18.36
1014.056	-56.86
1014.26	-67.61
1014.463	-67.61
1014.667	-30
1014.871	-55.07
1015.074	-171.48
1015.278	-22.83
1015.482	-80.14
1015.685	0.45
1015.889	-47.91
1016.092	-171.48
1016.296	-89.1
1016.499	18.36
1016.703	-89.1
1016.906	-65.81
1017.109	-10.3
1017.313	-126.7
1017.516	-87.3
1017.719	-47.91
1017.923	0.45
1018.126	-69.4
1018.329	9.4
1018.532	-49.7
1018.736	5.82
1018.939	36.27
1019.142	-65.81
1019.345	-15.67
1019.548	-117.75
1019.751	-71.19
1019.954	-38.95
1020.157	-71.19
1020.361	-38.95
1020.564	-51.49
1020.766	-103.42
1020.969	5.82
1021.172	-38.95
1021.375	-62.23
1021.578	-85.51
1021.781	-8.51
1021.984	-71.19
1022.187	-58.65
1022.389	9.4
1022.592	-24.62
1022.795	-21.04
1022.998	-85.51
1023.2	-3.13
1023.403	-76.56
1023.606	-65.81
1023.808	-42.53
1024.011	-38.95
1024.214	-51.49
1024.416	38.06
1024.619	-117.75
1024.821	-53.28
1025.024	-119.54
1025.226	-3.13
1025.429	-105.21
1025.631	-47.91
1025.833	-15.67
1026.036	20.15
1026.238	-55.07
1026.441	-83.72
1026.643	12.98
1026.845	-139.24
1027.047	32.68
1027.25	-94.47
1027.452	-12.09
1027.654	-49.7
1027.856	-40.74
1028.058	-65.81
1028.261	-67.61
1028.463	-151.78
1028.665	-21.04
1028.867	-76.56
1029.069	50.59
1029.271	59.55
1029.473	-6.72
1029.675	-35.37
1029.877	-80.14
1030.079	43.43
1030.281	-119.54
1030.482	-10.3
1030.684	-64.02
1030.886	-17.46
1031.088	-56.86
1031.29	-44.32
1031.491	-72.98
1031.693	36.27
1031.895	55.96
1032.097	25.52
1032.298	-3.13
1032.5	-38.95
1032.701	-103.42
1032.903	-53.28
1033.105	-15.67
1033.306	-15.67
1033.508	-37.16
1033.709	-26.42
1033.911	30.89
1034.112	0.45
1034.314	-17.46
1034.515	-35.37
1034.716	45.22
1034.918	-26.42
1035.119	-6.72
1035.32	-65.81
1035.522	-74.77
1035.723	-30
1035.924	-98.05
1036.125	-135.66
1036.327	-49.7
1036.528	-47.91
1036.729	-89.1
1036.93	-98.05
1037.131	-114.17
1037.332	-6.72
1037.533	2.24
1037.734	16.57
1037.935	-105.21
1038.136	-60.44
1038.337	-31.79
1038.538	-1.34
1038.739	-51.49
1038.94	2.24
1039.141	-126.7
1039.342	-1.34
1039.543	-99.84
1039.744	68.5
1039.944	-22.83
1040.145	-72.98
1040.346	-103.42
1040.547	-89.1
1040.747	-151.78
1040.948	-56.86
1041.149	-10.3
1041.349	-69.4
1041.55	-55.07
1041.75	-24.62
1041.951	-35.37
1042.152	-62.23
1042.352	-105.21
1042.553	-87.3
1042.753	-15.67
1042.953	-10.3
1043.154	-105.21
1043.354	-101.63
1043.555	11.19
1043.755	-92.68
1043.955	-76.56
1044.156	-22.83
1044.356	-56.86
1044.556	-22.83
1044.756	-99.84
1044.957	-112.38
1045.157	-42.53
1045.357	18.36
1045.557	-64.02
1045.757	-89.1
1045.957	-40.74
1046.157	-142.82
1046.357	-26.42
1046.557	-35.37
1046.757	-58.65
1046.957	27.31
1047.157	4.03
1047.357	-108.8
1047.557	-53.28
1047.757	-107
1047.957	-85.51
1048.157	-62.23
1048.356	-60.44
1048.556	9.4
1048.756	-135.66
1048.956	-10.3
1049.156	-37.16
1049.355	-55.07
1049.555	-130.29
1049.755	18.36
1049.954	-126.7
1050.154	-46.11
1050.353	20.15
1050.553	150.88
1050.752	-94.47
1050.952	52.38
1051.151	12.98
1051.351	-81.93
1051.55	-10.3
1051.75	-35.37
1051.949	-33.58
1052.148	154.46
1052.348	12.98
1052.547	-1.34
1052.746	-38.95
1052.946	-55.07
1053.145	-90.89
1053.344	-13.88
1053.543	-24.62
1053.743	-76.56
1053.942	-40.74
1054.141	-26.42
1054.34	-92.68
1054.539	-112.38
1054.738	-47.91
1054.937	-47.91
1055.136	-98.05
1055.335	-53.28
1055.534	-58.65
1055.733	-26.42
1055.932	-26.42
1056.131	-26.42
