194.216	-318.77
194.484	-318.77
194.753	-318.77
195.022	-352.8
195.29	94.92
195.559	98.5
195.827	-41.19
196.096	-28.65
196.364	68.05
196.633	-130.73
196.901	-68.05
197.17	59.1
197.438	-26.86
197.706	125.36
197.975	-53.73
198.243	-42.98
198.512	41.19
198.78	80.59
199.048	-21.49
199.317	14.33
199.585	80.59
199.853	125.36
200.122	12.54
200.39	51.94
200.658	-94.92
200.926	55.52
201.195	78.8
201.463	-78.8
201.731	41.19
201.999	57.31
202.267	50.14
202.536	55.52
202.804	48.35
203.072	-17.91
203.34	148.64
203.608	37.61
203.876	60.89
204.144	35.82
204.412	-50.14
204.68	60.89
204.948	94.92
205.216	-17.91
205.484	-34.03
205.752	-94.92
206.02	-53.73
206.288	23.28
206.556	-93.13
206.824	44.77
207.092	-28.65
207.36	168.34
207.628	87.75
207.896	94.92
208.164	80.59
208.431	87.75
208.699	-3.58
208.967	-16.12
209.235	87.75
209.503	91.33
209.77	-48.35
210.038	46.56
210.306	42.98
210.573	102.08
210.841	-50.14
211.109	5.37
211.377	39.4
211.644	26.86
211.912	-62.68
212.179	-19.7
212.447	-53.73
212.715	3.58
212.982	164.76
213.25	155.81
213.517	66.26
213.785	50.14
214.052	68.05
214.32	-5.37
214.587	-3.58
214.855	55.52
215.122	37.61
215.39	21.49
215.657	-37.61
215.925	-39.4
216.192	-10.75
216.459	30.44
216.727	48.35
216.994	-32.24
217.261	3.58
217.529	53.73
217.796	112.82
218.063	132.52
218.331	64.47
218.598	39.4
218.865	50.14
219.132	21.49
219.399	-3.58
219.667	59.1
219.934	0
220.201	137.9
220.468	-23.28
220.735	14.33
221.002	80.59
221.27	-1.79
221.537	109.24
221.804	39.4
222.071	-51.94
222.338	184.46
222.605	35.82
222.872	-26.86
223.139	82.38
223.406	50.14
223.673	-35.82
223.94	44.77
224.207	34.03
224.474	42.98
224.741	26.86
225.007	-62.68
225.274	37.61
225.541	35.82
225.808	-41.19
226.075	-17.91
226.342	-8.95
226.609	-48.35
226.875	8.95
227.142	51.94
227.409	42.98
227.676	75.22
227.942	73.43
228.209	-37.61
228.476	-8.95
228.742	-23.28
229.009	28.65
229.276	66.26
229.542	50.14
229.809	-17.91
230.076	10.75
230.342	66.26
230.609	-30.44
230.875	141.48
231.142	28.65
231.408	39.4
231.675	1.79
231.941	46.56
232.208	39.4
232.474	-34.03
232.741	-32.24
233.007	-94.92
233.274	136.11
233.54	32.24
233.807	-19.7
234.073	32.24
234.339	42.98
234.606	134.32
234.872	68.05
235.138	26.86
235.405	82.38
235.671	84.17
235.937	-3.58
236.203	21.49
236.47	42.98
236.736	7.16
237.002	64.47
237.268	57.31
237.535	84.17
237.801	26.86
238.067	44.77
238.333	37.61
238.599	-98.5
238.865	-35.82
239.131	0
239.397	87.75
239.663	5.37
239.929	62.68
240.195	55.52
240.462	34.03
240.728	59.1
240.993	17.91
241.259	179.09
241.525	93.13
241.791	-42.98
242.057	84.17
242.323	-96.71
242.589	-1.79
242.855	73.43
243.121	-62.68
243.387	17.91
243.652	39.4
243.918	21.49
244.184	-73.43
244.45	5.37
244.716	107.45
244.981	128.94
245.247	51.94
245.513	60.89
245.779	111.03
246.044	55.52
246.31	87.75
246.576	48.35
246.841	78.8
247.107	-46.56
247.373	35.82
247.638	205.95
247.904	168.34
248.169	41.19
248.435	-32.24
248.7	-30.44
248.966	25.07
249.231	57.31
249.497	53.73
249.762	57.31
250.028	35.82
250.293	-78.8
250.559	30.44
250.824	-32.24
251.09	105.66
251.355	62.68
251.62	112.82
251.886	26.86
252.151	82.38
252.416	14.33
252.682	46.56
252.947	125.36
253.212	154.01
253.477	89.54
253.743	116.41
254.008	111.03
254.273	14.33
254.538	157.6
254.804	28.65
255.069	162.97
255.334	-50.14
255.599	34.03
255.864	1.79
256.129	34.03
256.394	-7.16
256.659	-130.73
256.925	25.07
257.19	-23.28
257.455	35.82
257.72	102.08
257.985	164.76
258.25	89.54
258.515	28.65
258.78	8.95
259.044	-37.61
259.309	-12.54
259.574	53.73
259.839	66.26
260.104	105.66
260.369	7.16
260.634	-23.28
260.899	32.24
261.163	37.61
261.428	10.75
261.693	34.03
261.958	-53.73
262.223	-32.24
262.487	5.37
262.752	78.8
263.017	-3.58
263.281	154.01
263.546	-89.54
263.811	32.24
264.075	48.35
264.34	-28.65
264.605	-7.16
264.869	193.41
265.134	-85.96
265.398	-125.36
265.663	141.48
265.927	91.33
266.192	34.03
266.457	-16.12
266.721	85.96
266.985	35.82
267.25	-35.82
267.514	-78.8
267.779	10.75
268.043	123.57
268.308	8.95
268.572	112.82
268.836	30.44
269.101	42.98
269.365	-1.79
269.629	137.9
269.894	-21.49
270.158	127.15
270.422	41.19
270.687	3.58
270.951	-41.19
271.215	69.84
271.479	-17.91
271.743	-53.73
272.008	0
272.272	-34.03
272.536	82.38
272.8	60.89
273.064	75.22
273.328	1.79
273.592	62.68
273.856	64.47
274.12	-50.14
274.385	-28.65
274.649	1.79
274.913	128.94
275.177	-69.84
275.441	145.06
275.704	16.12
275.968	116.41
276.232	26.86
276.496	-44.77
276.76	5.37
277.024	80.59
277.288	-91.33
277.552	32.24
277.816	-25.07
278.079	125.36
278.343	123.57
278.607	141.48
278.871	53.73
279.135	39.4
279.398	-21.49
279.662	-30.44
279.926	-93.13
280.189	75.22
280.453	21.49
280.717	59.1
280.98	21.49
281.244	44.77
281.508	121.78
281.771	23.28
282.035	55.52
282.298	112.82
282.562	55.52
282.826	-30.44
283.089	-66.26
283.353	85.96
283.616	46.56
283.88	89.54
284.143	17.91
284.407	-35.82
284.67	1.79
284.933	168.34
285.197	-60.89
285.46	7.16
285.724	12.54
285.987	48.35
286.25	96.71
286.514	42.98
286.777	-59.1
287.04	-28.65
287.303	-64.47
287.567	-7.16
287.83	91.33
288.093	60.89
288.356	-8.95
288.62	-12.54
288.883	-19.7
289.146	53.73
289.409	-21.49
289.672	-28.65
289.935	91.33
290.198	48.35
290.461	82.38
290.725	123.57
290.988	-1.79
291.251	-14.33
291.514	-57.31
291.777	100.29
292.04	-8.95
292.303	39.4
292.566	16.12
292.829	55.52
293.091	116.41
293.354	118.2
293.617	17.91
293.88	12.54
294.143	-46.56
294.406	34.03
294.669	60.89
294.932	-50.14
295.194	42.98
295.457	42.98
295.72	-57.31
295.983	154.01
296.245	-102.08
296.508	26.86
296.771	59.1
297.034	162.97
297.296	-14.33
297.559	39.4
297.822	-46.56
298.084	177.3
298.347	-71.63
298.609	59.1
298.872	-10.75
299.135	75.22
299.397	-28.65
299.66	-51.94
299.922	80.59
300.185	0
300.447	14.33
300.71	-1.79
300.972	60.89
301.235	-109.24
301.497	-69.84
301.759	-37.61
302.022	32.24
302.284	10.75
302.546	168.34
302.809	1.79
303.071	75.22
303.333	-68.05
303.596	42.98
303.858	75.22
304.12	-94.92
304.383	-17.91
304.645	-93.13
304.907	26.86
305.169	21.49
305.431	121.78
305.694	39.4
305.956	109.24
306.218	-17.91
306.48	77.01
306.742	-1.79
307.004	25.07
307.266	34.03
307.528	150.43
307.79	64.47
308.052	139.69
308.314	-57.31
308.576	17.91
308.838	-34.03
309.1	80.59
309.362	-78.8
309.624	123.57
309.886	42.98
310.148	-59.1
310.41	62.68
310.672	23.28
310.934	134.32
311.196	-41.19
311.457	93.13
311.719	-21.49
311.981	-66.26
312.243	143.27
312.504	12.54
312.766	73.43
313.028	73.43
313.29	46.56
313.551	34.03
313.813	-14.33
314.075	-5.37
314.336	148.64
314.598	3.58
314.86	-28.65
315.121	-30.44
315.383	116.41
315.644	28.65
315.906	-96.71
316.167	134.32
316.429	35.82
316.69	-69.84
316.952	-1.79
317.213	85.96
317.475	282.96
317.736	184.46
317.998	209.53
318.259	462.04
318.521	442.34
318.782	494.28
319.043	372.5
319.305	213.11
319.566	286.54
319.827	82.38
320.089	66.26
320.35	119.99
320.611	136.11
320.872	-19.7
321.134	3.58
321.395	30.44
321.656	57.31
321.917	-44.77
322.178	-84.17
322.44	-53.73
322.701	44.77
322.962	51.94
323.223	-60.89
323.484	73.43
323.745	-35.82
324.006	-12.54
324.267	23.28
324.528	35.82
324.789	-59.1
325.05	1.79
325.311	1.79
325.572	41.19
325.833	-1.79
326.094	39.4
326.355	48.35
326.616	-48.35
326.877	64.47
327.138	-7.16
327.398	7.16
327.659	64.47
327.92	-62.68
328.181	-59.1
328.442	155.81
328.702	-26.86
328.963	66.26
329.224	87.75
329.485	-21.49
329.745	60.89
330.006	-5.37
330.267	30.44
330.527	112.82
330.788	37.61
331.049	21.49
331.309	-55.52
331.57	55.52
331.83	-25.07
332.091	-62.68
332.351	41.19
332.612	69.84
332.873	60.89
333.133	0
333.393	51.94
333.654	-42.98
333.914	68.05
334.175	75.22
334.435	37.61
334.696	-16.12
334.956	-87.75
335.216	-7.16
335.477	89.54
335.737	-41.19
335.997	14.33
336.258	85.96
336.518	-12.54
336.778	100.29
337.038	-1.79
337.299	55.52
337.559	-30.44
337.819	80.59
338.079	-55.52
338.34	-85.96
338.6	-103.87
338.86	-25.07
339.12	-16.12
339.38	26.86
339.64	34.03
339.9	154.01
340.16	114.62
340.42	78.8
340.68	-35.82
340.94	-57.31
341.2	7.16
341.46	-59.1
341.72	-84.17
341.98	34.03
342.24	-48.35
342.5	116.41
342.76	-60.89
343.02	84.17
343.28	96.71
343.54	112.82
343.799	12.54
344.059	-39.4
344.319	10.75
344.579	297.28
344.839	3.58
345.098	14.33
345.358	21.49
345.618	-121.78
345.878	-39.4
346.137	75.22
346.397	69.84
346.657	51.94
346.916	16.12
347.176	32.24
347.435	-35.82
347.695	89.54
347.955	-16.12
348.214	94.92
348.474	-14.33
348.733	-87.75
348.993	3.58
349.252	57.31
349.512	116.41
349.771	-41.19
350.031	-21.49
350.29	-50.14
350.549	37.61
350.809	162.97
351.068	62.68
351.328	62.68
351.587	26.86
351.846	12.54
352.106	-25.07
352.365	17.91
352.624	60.89
352.883	35.82
353.143	57.31
353.402	225.65
353.661	7.16
353.92	114.62
354.179	69.84
354.439	1.79
354.698	-39.4
354.957	109.24
355.216	-8.95
355.475	17.91
355.734	-84.17
355.993	64.47
356.252	-34.03
356.511	3.58
356.77	17.91
357.029	-1.79
357.288	-26.86
357.547	-19.7
357.806	35.82
358.065	71.63
358.324	114.62
358.583	77.01
358.842	-44.77
359.101	23.28
359.36	44.77
359.619	1.79
359.877	14.33
360.136	78.8
360.395	-80.59
360.654	19.7
360.913	55.52
361.171	-62.68
361.43	30.44
361.689	-10.75
361.947	-32.24
362.206	3.58
362.465	91.33
362.723	69.84
362.982	-32.24
363.241	-103.87
363.499	132.52
363.758	-14.33
364.016	35.82
364.275	32.24
364.533	75.22
364.792	50.14
365.05	69.84
365.309	-1.79
365.567	0
365.826	78.8
366.084	5.37
366.343	3.58
366.601	-75.22
366.86	12.54
367.118	69.84
367.376	64.47
367.635	82.38
367.893	-3.58
368.151	-21.49
368.409	7.16
368.668	-12.54
368.926	-14.33
369.184	-28.65
369.442	-37.61
369.701	34.03
369.959	66.26
370.217	-37.61
370.475	30.44
370.733	0
370.991	-64.47
371.25	-5.37
371.508	60.89
371.766	-19.7
372.024	5.37
372.282	12.54
372.54	80.59
372.798	0
373.056	84.17
373.314	14.33
373.572	114.62
373.83	-12.54
374.088	12.54
374.345	53.73
374.603	116.41
374.861	1.79
375.119	-23.28
375.377	32.24
375.635	28.65
375.893	1.79
376.15	134.32
376.408	35.82
376.666	75.22
376.924	123.57
377.181	119.99
377.439	14.33
377.697	105.66
377.954	35.82
378.212	37.61
378.47	82.38
378.727	23.28
378.985	-7.16
379.243	66.26
379.5	-30.44
379.758	96.71
380.015	26.86
380.273	-84.17
380.53	41.19
380.788	121.78
381.045	111.03
381.303	21.49
381.56	55.52
381.818	93.13
382.075	87.75
382.332	118.2
382.59	41.19
382.847	125.36
383.105	170.13
383.362	62.68
383.619	96.71
383.876	-50.14
384.134	21.49
384.391	35.82
384.648	0
384.905	25.07
385.163	41.19
385.42	48.35
385.677	26.86
385.934	141.48
386.191	107.45
386.449	75.22
386.706	161.18
386.963	211.32
387.22	540.84
387.477	1273.31
387.734	3151.93
387.991	6174.91
388.248	9158.5
388.505	12095.52
388.762	14427.23
389.019	14529.31
389.276	12258.49
389.533	8793.16
389.79	6056.71
390.047	4396.58
390.304	3440.26
390.56	2799.13
390.817	2288.73
391.074	1708.49
391.331	1088.85
391.588	632.18
391.844	397.57
392.101	179.09
392.358	107.45
392.615	299.07
392.871	87.75
393.128	42.98
393.385	98.5
393.641	148.64
393.898	-21.49
394.155	19.7
394.411	-12.54
394.668	89.54
394.925	146.85
395.181	69.84
395.438	75.22
395.694	112.82
395.951	154.01
396.207	279.38
396.464	265.05
396.72	204.16
396.977	232.81
397.233	89.54
397.489	30.44
397.746	195.2
398.002	107.45
398.259	57.31
398.515	50.14
398.771	73.43
399.028	-34.03
399.284	55.52
399.54	-5.37
399.796	94.92
400.053	-1.79
400.309	55.52
400.565	64.47
400.821	-8.95
401.078	-26.86
401.334	85.96
401.59	136.11
401.846	241.77
402.102	333.1
402.358	331.31
402.614	313.4
402.87	413.69
403.126	268.63
403.382	204.16
403.638	162.97
403.894	150.43
404.15	107.45
404.406	78.8
404.662	42.98
404.918	-68.05
405.174	73.43
405.43	73.43
405.686	116.41
405.942	155.81
406.198	93.13
406.454	-19.7
406.709	91.33
406.965	180.88
407.221	53.73
407.477	12.54
407.732	84.17
407.988	7.16
408.244	130.73
408.5	57.31
408.755	25.07
409.011	107.45
409.267	16.12
409.522	62.68
409.778	-37.61
410.033	10.75
410.289	16.12
410.545	12.54
410.8	-7.16
411.056	35.82
411.311	53.73
411.567	55.52
411.822	21.49
412.078	94.92
412.333	23.28
412.588	-50.14
412.844	3.58
413.099	102.08
413.355	62.68
413.61	26.86
413.865	-30.44
414.121	53.73
414.376	26.86
414.631	50.14
414.887	85.96
415.142	136.11
415.397	-10.75
415.652	132.52
415.907	-16.12
416.163	73.43
416.418	41.19
416.673	121.78
416.928	21.49
417.183	75.22
417.438	-177.3
417.693	17.91
417.949	-16.12
418.204	-69.84
418.459	-46.56
418.714	30.44
418.969	53.73
419.224	64.47
419.479	5.37
419.734	-35.82
419.989	-77.01
420.243	-17.91
420.498	34.03
420.753	3.58
421.008	-37.61
421.263	-8.95
421.518	-89.54
421.773	60.89
422.027	28.65
422.282	118.2
422.537	71.63
422.792	7.16
423.047	-21.49
423.301	-1.79
423.556	-121.78
423.811	109.24
424.065	37.61
424.32	55.52
424.575	39.4
424.829	62.68
425.084	127.15
425.338	-16.12
425.593	21.49
425.848	150.43
426.102	60.89
426.357	-25.07
426.611	21.49
426.866	80.59
427.12	-26.86
427.374	93.13
427.629	-17.91
427.883	123.57
428.138	91.33
428.392	1.79
428.646	-8.95
428.901	-17.91
429.155	-12.54
429.409	-28.65
429.664	48.35
429.918	46.56
430.172	10.75
430.427	-73.43
430.681	1.79
430.935	-57.31
431.189	53.73
431.443	53.73
431.698	-14.33
431.952	12.54
432.206	-105.66
432.46	60.89
432.714	-39.4
432.968	23.28
433.222	53.73
433.476	44.77
433.73	32.24
433.984	89.54
434.238	-30.44
434.492	-14.33
434.746	-12.54
435	132.52
435.254	-78.8
435.508	53.73
435.762	5.37
436.016	-12.54
436.27	161.18
436.523	34.03
436.777	-14.33
437.031	3.58
437.285	59.1
437.539	-14.33
437.792	3.58
438.046	69.84
438.3	85.96
438.553	231.02
438.807	87.75
439.061	132.52
439.314	60.89
439.568	130.73
439.822	112.82
440.075	77.01
440.329	89.54
440.582	35.82
440.836	-19.7
441.09	3.58
441.343	0
441.597	-21.49
441.85	109.24
442.103	130.73
442.357	57.31
442.61	-26.86
442.864	19.7
443.117	1.79
443.371	59.1
443.624	127.15
443.877	-112.82
444.131	-3.58
444.384	-30.44
444.637	-1.79
444.89	96.71
445.144	94.92
445.397	-35.82
445.65	143.27
445.903	268.63
446.157	447.72
446.41	1001.09
446.663	1678.04
446.916	2057.71
447.169	2507.21
447.422	2596.76
447.675	2220.68
447.928	1806.99
448.181	1298.38
448.435	950.95
448.688	680.53
448.941	539.05
449.194	574.87
449.446	431.6
449.699	354.59
449.952	109.24
450.205	34.03
450.458	51.94
450.711	55.52
450.964	-10.75
451.217	134.32
451.47	-68.05
451.722	34.03
451.975	-25.07
452.228	-68.05
452.481	-82.38
452.733	132.52
452.986	25.07
453.239	35.82
453.492	-14.33
453.744	-39.4
453.997	197
454.25	-21.49
454.502	30.44
454.755	26.86
455.007	-35.82
455.26	161.18
455.513	16.12
455.765	-44.77
456.018	46.56
456.27	12.54
456.523	-93.13
456.775	-8.95
457.028	35.82
457.28	-50.14
457.532	-35.82
457.785	1.79
458.037	14.33
458.29	37.61
458.542	-112.82
458.794	-1.79
459.047	26.86
459.299	66.26
459.551	77.01
459.803	-12.54
460.056	-3.58
460.308	-28.65
460.56	-5.37
460.812	32.24
461.064	-37.61
461.317	32.24
461.569	30.44
461.821	-44.77
462.073	3.58
462.325	78.8
462.577	25.07
462.829	30.44
463.081	68.05
463.333	121.78
463.585	123.57
463.837	71.63
464.089	73.43
464.341	111.03
464.593	-16.12
464.845	1.79
465.097	8.95
465.349	34.03
465.601	-10.75
465.852	82.38
466.104	37.61
466.356	-48.35
466.608	60.89
466.86	25.07
467.111	-3.58
467.363	137.9
467.615	80.59
467.867	85.96
468.118	-93.13
468.37	111.03
468.622	-23.28
468.873	-51.94
469.125	-69.84
469.376	34.03
469.628	93.13
469.88	-3.58
470.131	168.34
470.383	202.37
470.634	261.47
470.886	453.09
471.137	490.7
471.389	454.88
471.64	571.29
471.892	540.84
472.143	388.62
472.394	304.45
472.646	154.01
472.897	89.54
473.148	103.87
473.4	34.03
473.651	150.43
473.902	60.89
474.154	111.03
474.405	-3.58
474.656	53.73
474.907	-26.86
475.159	-25.07
475.41	-39.4
475.661	-28.65
475.912	85.96
476.163	-34.03
476.414	53.73
476.665	-32.24
476.917	-34.03
477.168	-8.95
477.419	-77.01
477.67	-17.91
477.921	128.94
478.172	59.1
478.423	68.05
478.674	30.44
478.925	100.29
479.176	55.52
479.426	73.43
479.677	-7.16
479.928	19.7
480.179	1.79
480.43	89.54
480.681	44.77
480.932	1.79
481.182	-28.65
481.433	141.48
481.684	17.91
481.935	-30.44
482.185	-23.28
482.436	94.92
482.687	78.8
482.937	-10.75
483.188	75.22
483.439	103.87
483.689	44.77
483.94	16.12
484.19	-71.63
484.441	214.9
484.692	50.14
484.942	-84.17
485.193	-98.5
485.443	66.26
485.694	73.43
485.944	12.54
486.194	48.35
486.445	23.28
486.695	-44.77
486.946	-37.61
487.196	39.4
487.446	46.56
487.697	94.92
487.947	46.56
488.197	3.58
488.448	35.82
488.698	25.07
488.948	-37.61
489.198	-3.58
489.449	89.54
489.699	-8.95
489.949	21.49
490.199	35.82
490.449	214.9
490.699	35.82
490.949	200.58
491.2	252.51
491.45	349.22
491.7	678.74
491.95	875.73
492.2	1040.49
492.45	1384.34
492.7	1314.5
492.95	1067.36
493.2	693.07
493.45	646.5
493.699	410.11
493.949	229.23
494.199	188.04
494.449	308.03
494.699	105.66
494.949	145.06
495.199	223.86
495.448	84.17
495.698	41.19
495.948	17.91
496.198	-5.37
496.447	16.12
496.697	-7.16
496.947	53.73
497.196	146.85
497.446	66.26
497.696	41.19
497.945	5.37
498.195	82.38
498.444	64.47
498.694	-87.75
498.944	25.07
499.193	14.33
499.443	96.71
499.692	44.77
499.942	71.63
500.191	189.83
500.44	682.32
500.69	1296.59
500.939	2165.16
501.189	3157.3
501.438	4258.68
501.687	5134.42
501.937	5671.68
502.186	4976.82
502.435	3864.69
502.685	2790.17
502.934	1876.83
503.183	1518.66
503.432	1289.42
503.682	1013.63
503.931	920.51
504.18	818.43
504.429	481.74
504.678	488.91
504.927	343.85
505.176	361.76
505.426	331.31
505.675	137.9
505.924	116.41
506.173	145.06
506.422	168.34
506.671	55.52
506.92	41.19
507.169	41.19
507.418	94.92
507.667	50.14
507.915	-42.98
508.164	-57.31
508.413	-82.38
508.662	12.54
508.911	34.03
509.16	-51.94
509.408	41.19
509.657	-21.49
509.906	-3.58
510.155	-10.75
510.404	35.82
510.652	-53.73
510.901	73.43
511.15	-42.98
511.398	3.58
511.647	-12.54
511.896	-3.58
512.144	91.33
512.393	26.86
512.641	-28.65
512.89	19.7
513.138	32.24
513.387	-25.07
513.635	-57.31
513.884	62.68
514.132	17.91
514.381	-46.56
514.629	50.14
514.878	23.28
515.126	-10.75
515.374	35.82
515.623	35.82
515.871	59.1
516.119	-41.19
516.368	-25.07
516.616	-12.54
516.864	-112.82
517.113	-5.37
517.361	-16.12
517.609	21.49
517.857	-23.28
518.105	19.7
518.354	-12.54
518.602	0
518.85	19.7
519.098	17.91
519.346	143.27
519.594	-19.7
519.842	-16.12
520.09	-139.69
520.338	-10.75
520.586	-12.54
520.834	30.44
521.082	14.33
521.33	68.05
521.578	-7.16
521.826	55.52
522.074	-26.86
522.322	23.28
522.57	32.24
522.817	34.03
523.065	50.14
523.313	77.01
523.561	-48.35
523.809	35.82
524.056	-39.4
524.304	-26.86
524.552	-10.75
524.8	8.95
525.047	-59.1
525.295	164.76
525.543	-51.94
525.79	46.56
526.038	19.7
526.285	-39.4
526.533	26.86
526.781	39.4
527.028	-71.63
527.276	103.87
527.523	-39.4
527.771	42.98
528.018	7.16
528.266	5.37
528.513	-7.16
528.76	-71.63
529.008	-8.95
529.255	1.79
529.502	14.33
529.75	-112.82
529.997	155.81
530.244	68.05
530.492	-8.95
530.739	48.35
530.986	26.86
531.234	-14.33
531.481	-111.03
531.728	-35.82
531.975	-35.82
532.222	-64.47
532.469	55.52
532.717	100.29
532.964	66.26
533.211	30.44
533.458	41.19
533.705	-114.62
533.952	59.1
534.199	30.44
534.446	94.92
534.693	14.33
534.94	80.59
535.187	-51.94
535.434	-66.26
535.681	98.5
535.928	5.37
536.174	44.77
536.421	-57.31
536.668	-75.22
536.915	-35.82
537.162	17.91
537.409	-84.17
537.655	-8.95
537.902	25.07
538.149	-19.7
538.396	-14.33
538.642	127.15
538.889	-17.91
539.136	-7.16
539.382	-41.19
539.629	-37.61
539.875	-7.16
540.122	107.45
540.369	-55.52
540.615	-1.79
540.862	118.2
541.108	34.03
541.355	51.94
541.601	-8.95
541.848	32.24
542.094	0
542.341	-50.14
542.587	55.52
542.833	-111.03
543.08	-46.56
543.326	8.95
543.572	-26.86
543.819	132.52
544.065	114.62
544.311	-32.24
544.558	59.1
544.804	98.5
545.05	121.78
545.296	-12.54
545.542	28.65
545.789	5.37
546.035	39.4
546.281	-80.59
546.527	26.86
546.773	12.54
547.019	21.49
547.265	-28.65
547.511	-28.65
547.757	103.87
548.003	-50.14
548.249	62.68
548.495	112.82
548.741	62.68
548.987	53.73
549.233	-19.7
549.479	0
549.725	17.91
549.971	17.91
550.217	53.73
550.463	127.15
550.708	8.95
550.954	-39.4
551.2	46.56
551.446	-46.56
551.691	89.54
551.937	80.59
552.183	64.47
552.429	-3.58
552.674	-3.58
552.92	96.71
553.165	-87.75
553.411	23.28
553.657	10.75
553.902	-78.8
554.148	3.58
554.393	-93.13
554.639	134.32
554.884	17.91
555.13	-41.19
555.375	53.73
555.621	12.54
555.866	-78.8
556.112	-32.24
556.357	16.12
556.602	21.49
556.848	39.4
557.093	1.79
557.338	53.73
557.584	-137.9
557.829	-26.86
558.074	-82.38
558.32	19.7
558.565	7.16
558.81	-17.91
559.055	-34.03
559.3	-3.58
559.546	17.91
559.791	19.7
560.036	68.05
560.281	-62.68
560.526	14.33
560.771	-14.33
561.016	-42.98
561.261	-42.98
561.506	-41.19
561.751	-94.92
561.996	-55.52
562.241	37.61
562.486	-62.68
562.731	5.37
562.976	28.65
563.221	-69.84
563.466	44.77
563.71	66.26
563.955	-7.16
564.2	-34.03
564.445	19.7
564.69	-1.79
564.934	-26.86
565.179	-44.77
565.424	51.94
565.669	-10.75
565.913	89.54
566.158	-23.28
566.403	-42.98
566.647	-55.52
566.892	107.45
567.136	53.73
567.381	85.96
567.626	59.1
567.87	-44.77
568.115	69.84
568.359	71.63
568.604	123.57
568.848	5.37
569.093	7.16
569.337	21.49
569.581	145.06
569.826	-16.12
570.07	32.24
570.315	16.12
570.559	87.75
570.803	19.7
571.048	53.73
571.292	0
571.536	26.86
571.78	-16.12
572.025	268.63
572.269	89.54
572.513	119.99
572.757	35.82
573.001	-35.82
573.245	50.14
573.49	146.85
573.734	7.16
573.978	184.46
574.222	16.12
574.466	66.26
574.71	0
574.954	12.54
575.198	89.54
575.442	-23.28
575.686	16.12
575.93	62.68
576.174	0
576.418	118.2
576.661	179.09
576.905	-19.7
577.149	128.94
577.393	62.68
577.637	50.14
577.881	145.06
578.124	112.82
578.368	91.33
578.612	39.4
578.856	77.01
579.099	44.77
579.343	139.69
579.587	89.54
579.83	21.49
580.074	53.73
580.318	112.82
580.561	53.73
580.805	96.71
581.048	134.32
581.292	100.29
581.535	118.2
581.779	82.38
582.022	82.38
582.266	107.45
582.509	98.5
582.753	168.34
582.996	193.41
583.239	114.62
583.483	173.71
583.726	161.18
583.969	239.98
584.213	188.04
584.456	205.95
584.699	395.78
584.943	286.54
585.186	422.64
585.429	367.13
585.672	501.44
585.915	771.86
586.159	1556.26
586.402	4514.78
586.645	10829.37
586.888	17251.43
587.131	27729.79
587.374	39769.79
587.617	50608.12
587.86	58281.99
588.103	60124.79
588.346	60117.63
588.589	58643.74
588.832	51243.88
589.075	38702.43
589.318	28702.23
589.561	21843.21
589.804	17765.4
590.047	14459.46
590.29	11354.1
590.532	8449.31
590.775	5854.35
591.018	3798.43
591.261	2539.45
591.504	1749.68
591.746	1189.14
591.989	1047.66
592.232	703.81
592.474	702.02
592.717	596.36
592.96	485.33
593.202	309.82
593.445	413.69
593.688	306.24
593.93	399.36
594.173	290.12
594.415	191.62
594.658	186.25
594.9	225.65
595.143	218.49
595.385	186.25
595.628	121.78
595.87	134.32
596.112	154.01
596.355	157.6
596.597	130.73
596.84	66.26
597.082	78.8
597.324	103.87
597.567	195.2
597.809	116.41
598.051	-19.7
598.293	69.84
598.536	114.62
598.778	184.46
599.02	59.1
599.262	77.01
599.504	-64.47
599.746	59.1
599.988	111.03
600.231	152.22
600.473	100.29
600.715	80.59
600.957	-8.95
601.199	-64.47
601.441	205.95
601.683	44.77
601.925	155.81
602.167	-46.56
602.409	-55.52
602.65	168.34
602.892	1.79
603.134	7.16
603.376	96.71
603.618	5.37
603.86	57.31
604.101	91.33
604.343	-1.79
604.585	82.38
604.827	-3.58
605.068	102.08
605.31	-50.14
605.552	121.78
605.794	78.8
606.035	39.4
606.277	-59.1
606.518	66.26
606.76	41.19
607.002	-37.61
607.243	-60.89
607.485	128.94
607.726	94.92
607.968	35.82
608.209	-46.56
608.451	143.27
608.692	137.9
608.933	55.52
609.175	59.1
609.416	7.16
609.658	59.1
609.899	12.54
610.14	93.13
610.382	84.17
610.623	119.99
610.864	-8.95
611.105	71.63
611.347	41.19
611.588	-103.87
611.829	-7.16
612.07	-14.33
612.311	8.95
612.553	-25.07
612.794	-32.24
613.035	134.32
613.276	19.7
613.517	-23.28
613.758	164.76
613.999	-93.13
614.24	-21.49
614.481	7.16
614.722	42.98
614.963	91.33
615.204	48.35
615.445	-12.54
615.686	-80.59
615.927	73.43
616.167	39.4
616.408	82.38
616.649	-26.86
616.89	0
617.131	37.61
617.372	-46.56
617.612	39.4
617.853	-30.44
618.094	-1.79
618.334	62.68
618.575	64.47
618.816	14.33
619.056	25.07
619.297	75.22
619.538	75.22
619.778	80.59
620.019	1.79
620.259	39.4
620.5	3.58
620.74	7.16
620.981	59.1
621.221	-66.26
621.462	17.91
621.702	42.98
621.943	16.12
622.183	-44.77
622.423	-17.91
622.664	-10.75
622.904	62.68
623.144	5.37
623.385	21.49
623.625	114.62
623.865	10.75
624.105	146.85
624.346	35.82
624.586	-66.26
624.826	-37.61
625.066	75.22
625.306	82.38
625.546	59.1
625.787	75.22
626.027	0
626.267	75.22
626.507	85.96
626.747	62.68
626.987	-7.16
627.227	26.86
627.467	-7.16
627.707	41.19
627.947	-75.22
628.187	1.79
628.427	7.16
628.666	69.84
628.906	-96.71
629.146	-71.63
629.386	-109.24
629.626	-5.37
629.866	28.65
630.105	-21.49
630.345	141.48
630.585	128.94
630.825	-8.95
631.064	66.26
631.304	55.52
631.544	103.87
631.783	-80.59
632.023	32.24
632.262	-23.28
632.502	53.73
632.742	-17.91
632.981	-132.52
633.221	42.98
633.46	50.14
633.7	-25.07
633.939	93.13
634.179	53.73
634.418	87.75
634.657	30.44
634.897	-68.05
635.136	102.08
635.376	39.4
635.615	91.33
635.854	23.28
636.094	10.75
636.333	41.19
636.572	17.91
636.811	78.8
637.051	91.33
637.29	-50.14
637.529	0
637.768	42.98
638.007	73.43
638.246	21.49
638.486	12.54
638.725	19.7
638.964	-41.19
639.203	87.75
639.442	-8.95
639.681	60.89
639.92	28.65
640.159	-41.19
640.398	16.12
640.637	60.89
640.876	114.62
641.114	51.94
641.353	-26.86
641.592	-55.52
641.831	53.73
642.07	-30.44
642.309	30.44
642.548	55.52
642.786	80.59
643.025	139.69
643.264	35.82
643.502	73.43
643.741	53.73
643.98	105.66
644.219	-100.29
644.457	-8.95
644.696	-84.17
644.934	154.01
645.173	64.47
645.412	55.52
645.65	10.75
645.889	19.7
646.127	42.98
646.366	59.1
646.604	182.67
646.842	-7.16
647.081	25.07
647.319	-51.94
647.558	-26.86
647.796	-57.31
648.034	12.54
648.273	125.36
648.511	68.05
648.749	-55.52
648.988	8.95
649.226	82.38
649.464	42.98
649.702	-21.49
649.941	12.54
650.179	12.54
650.417	46.56
650.655	-44.77
650.893	66.26
651.131	-46.56
651.369	-53.73
651.607	39.4
651.845	-35.82
652.083	-77.01
652.321	25.07
652.559	28.65
652.797	-50.14
653.035	-80.59
653.273	73.43
653.511	60.89
653.749	-1.79
653.987	-23.28
654.225	89.54
654.463	-34.03
654.701	-50.14
654.938	64.47
655.176	-14.33
655.414	-25.07
655.652	-51.94
655.889	-55.52
656.127	-109.24
656.365	30.44
656.602	-50.14
656.84	46.56
657.078	-8.95
657.315	32.24
657.553	-26.86
657.79	-55.52
658.028	57.31
658.266	-28.65
658.503	0
658.741	112.82
658.978	-19.7
659.215	34.03
659.453	8.95
659.69	191.62
659.928	103.87
660.165	-30.44
660.402	7.16
660.64	5.37
660.877	-17.91
661.114	42.98
661.352	35.82
661.589	12.54
661.826	93.13
662.063	-35.82
662.301	-37.61
662.538	-59.1
662.775	75.22
663.012	-30.44
663.249	-37.61
663.486	-28.65
663.723	85.96
663.961	75.22
664.198	-35.82
664.435	17.91
664.672	12.54
664.909	5.37
665.146	-21.49
665.383	119.99
665.619	39.4
665.856	100.29
666.093	64.47
666.33	159.39
666.567	426.23
666.804	1267.93
667.041	2329.92
667.278	3418.77
667.514	5052.04
667.751	7281.67
667.988	9188.94
668.225	11033.53
668.461	12301.47
668.698	12211.92
668.935	11894.94
669.171	11526.02
669.408	10188.24
669.644	8558.56
669.881	6561.74
670.118	5003.68
670.354	3930.95
670.591	2888.67
670.827	2055.92
671.064	1484.63
671.3	963.49
671.537	698.44
671.773	449.51
672.01	295.49
672.246	352.8
672.482	218.49
672.719	164.76
672.955	154.01
673.191	34.03
673.428	152.22
673.664	3.58
673.9	59.1
674.136	96.71
674.373	85.96
674.609	19.7
674.845	14.33
675.081	23.28
675.317	-3.58
675.553	-26.86
675.79	21.49
676.026	91.33
676.262	77.01
676.498	39.4
676.734	-66.26
676.97	55.52
677.206	-17.91
677.442	32.24
677.678	157.6
677.914	-14.33
678.15	39.4
678.386	85.96
678.621	7.16
678.857	1.79
679.093	-16.12
679.329	-39.4
679.565	-8.95
679.8	48.35
680.036	-23.28
680.272	-28.65
680.508	7.16
680.743	-50.14
680.979	14.33
681.215	-71.63
681.45	-51.94
681.686	-73.43
681.922	30.44
682.157	-34.03
682.393	-84.17
682.628	64.47
682.864	-10.75
683.099	26.86
683.335	94.92
683.57	-77.01
683.806	37.61
684.041	53.73
684.277	53.73
684.512	26.86
684.747	127.15
684.983	-26.86
685.218	35.82
685.453	10.75
685.689	111.03
685.924	46.56
686.159	87.75
686.394	-26.86
686.63	-32.24
686.865	3.58
687.1	-7.16
687.335	55.52
687.57	34.03
687.806	-57.31
688.041	10.75
688.276	-44.77
688.511	107.45
688.746	3.58
688.981	55.52
689.216	17.91
689.451	10.75
689.686	-51.94
689.921	28.65
690.156	-68.05
690.391	3.58
690.625	93.13
690.86	-17.91
691.095	62.68
691.33	60.89
691.565	3.58
691.8	123.57
692.034	-89.54
692.269	-93.13
692.504	114.62
692.739	71.63
692.973	-12.54
693.208	-50.14
693.443	-55.52
693.677	94.92
693.912	-19.7
694.146	30.44
694.381	26.86
694.616	-34.03
694.85	-19.7
695.085	127.15
695.319	16.12
695.554	28.65
695.788	1.79
696.023	37.61
696.257	100.29
696.491	19.7
696.726	-12.54
696.96	26.86
697.194	-69.84
697.429	84.17
697.663	-7.16
697.897	48.35
698.132	-42.98
698.366	8.95
698.6	28.65
698.834	-5.37
699.068	28.65
699.303	-5.37
699.537	-37.61
699.771	123.57
700.005	1.79
700.239	137.9
700.473	23.28
700.707	78.8
700.941	69.84
701.175	-41.19
701.409	73.43
701.643	-8.95
701.877	37.61
702.111	-17.91
702.345	-44.77
702.579	12.54
702.813	60.89
703.047	-8.95
703.281	10.75
703.514	114.62
703.748	68.05
703.982	85.96
704.216	207.74
704.449	186.25
704.683	162.97
704.917	171.92
705.15	324.15
705.384	1108.55
705.618	2516.17
705.851	4462.84
706.085	6488.31
706.319	9264.16
706.552	12622.03
706.786	17172.63
707.019	19715.66
707.253	21988.27
707.486	22093.93
707.72	21653.38
707.953	21642.63
708.187	20374.7
708.42	17543.34
708.653	14368.13
708.887	11074.72
709.12	8415.29
709.353	5890.16
709.587	4174.51
709.82	2911.95
710.053	1849.97
710.286	1224.95
710.52	847.08
710.753	451.3
710.986	436.97
711.219	288.33
711.452	274
711.686	173.71
711.919	148.64
712.152	159.39
712.385	170.13
712.618	23.28
712.851	134.32
713.084	75.22
713.317	-84.17
713.55	68.05
713.783	12.54
714.016	-28.65
714.249	96.71
714.482	-51.94
714.714	125.36
714.947	64.47
715.18	51.94
715.413	-60.89
715.646	3.58
715.878	21.49
716.111	87.75
716.344	73.43
716.577	-21.49
716.809	-42.98
717.042	69.84
717.275	109.24
717.507	-16.12
717.74	-16.12
717.973	119.99
718.205	-21.49
718.438	-5.37
718.67	-78.8
718.903	7.16
719.135	114.62
719.368	51.94
719.6	-98.5
719.833	26.86
720.065	34.03
720.297	-66.26
720.53	-12.54
720.762	19.7
720.995	-85.96
721.227	25.07
721.459	39.4
721.691	44.77
721.924	7.16
722.156	5.37
722.388	-14.33
722.62	161.18
722.853	-91.33
723.085	26.86
723.317	89.54
723.549	-30.44
723.781	-82.38
724.013	-77.01
724.245	35.82
724.477	7.16
724.709	-14.33
724.941	39.4
725.173	-8.95
725.405	41.19
725.637	19.7
725.869	109.24
726.101	46.56
726.333	75.22
726.565	-93.13
726.797	-42.98
727.028	-8.95
727.26	257.88
727.492	315.19
727.724	585.61
727.956	678.74
728.187	906.18
728.419	1255.4
728.651	1567.01
728.882	1540.15
729.114	1658.34
729.346	1608.2
729.577	1609.99
729.809	1583.13
730.04	1409.41
730.272	1156.9
730.503	977.81
730.735	723.51
730.966	492.49
731.198	336.68
731.429	236.39
731.661	128.94
731.892	155.81
732.124	136.11
732.355	23.28
732.586	73.43
732.818	23.28
733.049	89.54
733.28	-1.79
733.512	112.82
733.743	23.28
733.974	62.68
734.205	3.58
734.436	-85.96
734.668	10.75
734.899	-87.75
735.13	-100.29
735.361	7.16
735.592	-51.94
735.823	-89.54
736.054	50.14
736.285	-94.92
736.516	-98.5
736.747	60.89
736.978	53.73
737.209	23.28
737.44	28.65
737.671	-51.94
737.902	-7.16
738.133	-17.91
738.364	-44.77
738.594	-44.77
738.825	32.24
739.056	-48.35
739.287	-7.16
739.518	50.14
739.748	-85.96
739.979	-21.49
740.21	37.61
740.44	-23.28
740.671	-5.37
740.902	-1.79
741.132	-26.86
741.363	-55.52
741.593	25.07
741.824	5.37
742.055	21.49
742.285	-34.03
742.516	-51.94
742.746	-93.13
742.976	28.65
743.207	-30.44
743.437	80.59
743.668	-89.54
743.898	-48.35
744.128	-30.44
744.359	-53.73
744.589	41.19
744.819	21.49
745.05	-34.03
745.28	35.82
745.51	-68.05
745.74	64.47
745.971	12.54
746.201	148.64
746.431	-119.99
746.661	100.29
746.891	5.37
747.121	-21.49
747.351	46.56
747.581	-12.54
747.811	-105.66
748.041	42.98
748.271	23.28
748.501	-14.33
748.731	41.19
748.961	55.52
749.191	-16.12
749.421	102.08
749.651	84.17
749.881	-3.58
750.111	46.56
750.34	60.89
750.57	-37.61
750.8	-21.49
751.03	-32.24
751.259	35.82
751.489	-64.47
751.719	17.91
751.949	-119.99
752.178	-50.14
752.408	-37.61
752.637	5.37
752.867	14.33
753.097	19.7
753.326	-84.17
753.556	64.47
753.785	-96.71
754.015	41.19
754.244	-82.38
754.474	12.54
754.703	30.44
754.932	42.98
755.162	-89.54
755.391	-35.82
755.621	-71.63
755.85	-116.41
756.079	130.73
756.309	17.91
756.538	-5.37
756.767	-26.86
756.996	35.82
757.225	-12.54
757.455	-28.65
757.684	119.99
757.913	-48.35
758.142	-69.84
758.371	-23.28
758.6	-77.01
758.829	14.33
759.058	19.7
759.287	-87.75
759.516	-28.65
759.745	-16.12
759.974	77.01
760.203	-107.45
760.432	21.49
760.661	30.44
760.89	-42.98
761.119	128.94
761.348	-66.26
761.577	26.86
761.805	-141.48
762.034	-30.44
762.263	-105.66
762.492	-64.47
762.721	-46.56
762.949	-98.5
763.178	-14.33
763.407	73.43
763.635	80.59
763.864	-78.8
764.092	-55.52
764.321	-123.57
764.55	-69.84
764.778	1.79
765.007	23.28
765.235	-62.68
765.464	-111.03
765.692	-166.55
765.921	-69.84
766.149	-84.17
766.377	98.5
766.606	-39.4
766.834	-35.82
767.062	-5.37
767.291	84.17
767.519	-7.16
767.747	-57.31
767.976	-134.32
768.204	30.44
768.432	-17.91
768.66	1.79
768.889	-34.03
769.117	8.95
769.345	-130.73
769.573	-57.31
769.801	-41.19
770.029	-23.28
770.257	8.95
770.485	82.38
770.713	84.17
770.941	-77.01
771.169	-60.89
771.397	1.79
771.625	-39.4
771.853	21.49
772.081	48.35
772.309	-35.82
772.537	1.79
772.765	85.96
772.992	-59.1
773.22	-7.16
773.448	48.35
773.676	23.28
773.903	-62.68
774.131	-53.73
774.359	-80.59
774.586	-7.16
774.814	-34.03
775.042	-34.03
775.269	7.16
775.497	-132.52
775.725	-55.52
775.952	-55.52
776.18	-141.48
776.407	91.33
776.635	-46.56
776.862	19.7
777.09	-80.59
777.317	105.66
777.544	-128.94
777.772	-10.75
777.999	-17.91
778.227	-78.8
778.454	-89.54
778.681	-59.1
778.908	14.33
779.136	-107.45
779.363	48.35
779.59	42.98
779.817	-53.73
780.045	-37.61
780.272	-34.03
780.499	-25.07
780.726	-62.68
780.953	7.16
781.18	-75.22
781.407	-23.28
781.634	103.87
781.861	-30.44
782.088	-19.7
782.315	0
782.542	-68.05
782.769	-64.47
782.996	-42.98
783.223	-77.01
783.45	-5.37
783.677	14.33
783.904	8.95
784.13	-59.1
784.357	1.79
784.584	-5.37
784.811	-94.92
785.038	94.92
785.264	-50.14
785.491	-26.86
785.718	-102.08
785.944	-57.31
786.171	137.9
786.398	48.35
786.624	-123.57
786.851	-85.96
787.077	12.54
787.304	-30.44
787.53	-50.14
787.757	28.65
787.983	-12.54
788.21	-32.24
788.436	50.14
788.663	8.95
788.889	-34.03
789.115	-123.57
789.342	-7.16
789.568	-98.5
789.794	1.79
790.021	37.61
790.247	14.33
790.473	19.7
790.699	-51.94
790.926	-5.37
791.152	-112.82
791.378	-48.35
791.604	32.24
791.83	28.65
792.056	-62.68
792.282	-105.66
792.508	-41.19
792.735	82.38
792.961	-37.61
793.187	-116.41
793.413	-34.03
793.638	-48.35
793.864	-68.05
794.09	-82.38
794.316	-64.47
794.542	44.77
794.768	-37.61
794.994	-100.29
795.22	-107.45
795.445	41.19
795.671	-44.77
795.897	-78.8
796.123	-80.59
796.348	5.37
796.574	17.91
796.8	-42.98
797.025	59.1
797.251	-32.24
797.477	-121.78
797.702	3.58
797.928	-1.79
798.153	84.17
798.379	-132.52
798.604	91.33
798.83	-85.96
799.055	39.4
799.281	28.65
799.506	-46.56
799.732	-7.16
799.957	-55.52
800.182	-7.16
800.408	73.43
800.633	39.4
800.858	16.12
801.084	-69.84
801.309	30.44
801.534	-80.59
801.759	3.58
801.985	-37.61
802.21	-19.7
802.435	94.92
802.66	60.89
802.885	-107.45
803.11	53.73
803.335	-112.82
803.561	-34.03
803.786	46.56
804.011	16.12
804.236	-111.03
804.461	34.03
804.685	12.54
804.91	71.63
805.135	-30.44
805.36	-28.65
805.585	3.58
805.81	57.31
806.035	-91.33
806.26	10.75
806.484	-80.59
806.709	111.03
806.934	-137.9
807.159	26.86
807.383	-60.89
807.608	-107.45
807.833	-78.8
808.057	39.4
808.282	96.71
808.507	-64.47
808.731	8.95
808.956	-19.7
809.18	-3.58
809.405	7.16
809.629	-66.26
809.854	-59.1
810.078	-184.46
810.303	-53.73
810.527	-116.41
810.751	-82.38
810.976	-14.33
811.2	30.44
811.425	-103.87
811.649	-25.07
811.873	-64.47
812.097	51.94
812.322	37.61
812.546	103.87
812.77	-82.38
812.994	37.61
813.219	-44.77
813.443	-19.7
813.667	-68.05
813.891	-82.38
814.115	-59.1
814.339	0
814.563	-8.95
814.787	-14.33
815.011	21.49
815.235	57.31
815.459	16.12
815.683	39.4
815.907	-1.79
816.131	5.37
816.355	-55.52
816.579	-130.73
816.802	-42.98
817.026	-17.91
817.25	-39.4
817.474	-44.77
817.698	-17.91
817.921	1.79
818.145	-42.98
818.369	-75.22
818.592	46.56
818.816	7.16
819.04	19.7
819.263	-16.12
819.487	-57.31
819.71	-103.87
819.934	-19.7
820.158	-39.4
820.381	14.33
820.605	26.86
820.828	-39.4
821.051	-59.1
821.275	-53.73
821.498	-98.5
821.722	-10.75
821.945	-111.03
822.168	21.49
822.392	-10.75
822.615	23.28
822.838	-25.07
823.061	-60.89
823.285	-91.33
823.508	3.58
823.731	-55.52
823.954	-164.76
824.177	-64.47
824.401	-19.7
824.624	-14.33
824.847	-73.43
825.07	-16.12
825.293	-152.22
825.516	-59.1
825.739	-127.15
825.962	-68.05
826.185	71.63
826.408	-89.54
826.631	-28.65
826.854	-19.7
827.077	-42.98
827.299	-19.7
827.522	-125.36
827.745	-23.28
827.968	-127.15
828.191	44.77
828.413	-84.17
828.636	-39.4
828.859	-42.98
829.082	-1.79
829.304	-62.68
829.527	73.43
829.75	32.24
829.972	-1.79
830.195	-3.58
830.417	-62.68
830.64	-130.73
830.862	-71.63
831.085	60.89
831.307	-60.89
831.53	-123.57
831.752	-78.8
831.975	12.54
832.197	0
832.42	-46.56
832.642	-82.38
832.864	37.61
833.087	-3.58
833.309	-73.43
833.531	75.22
833.753	-114.62
833.976	-30.44
834.198	25.07
834.42	-7.16
834.642	-35.82
834.864	-87.75
835.086	-75.22
835.309	-17.91
835.531	44.77
835.753	41.19
835.975	75.22
836.197	14.33
836.419	-32.24
836.641	-94.92
836.863	-114.62
837.085	-32.24
837.307	5.37
837.529	-71.63
837.75	-28.65
837.972	-69.84
838.194	-21.49
838.416	-10.75
838.638	-59.1
838.859	-12.54
839.081	-77.01
839.303	-5.37
839.525	-10.75
839.746	-7.16
839.968	-30.44
840.19	-66.26
840.411	19.7
840.633	7.16
840.855	-34.03
841.076	14.33
841.298	-42.98
841.519	0
841.741	-12.54
841.962	-105.66
842.184	-91.33
842.405	-91.33
842.626	-137.9
842.848	-16.12
843.069	30.44
843.291	-94.92
843.512	-44.77
843.733	-100.29
843.955	-175.51
844.176	19.7
844.397	-39.4
844.618	14.33
844.839	-8.95
845.061	-71.63
845.282	-32.24
845.503	-46.56
845.724	-37.61
845.945	-10.75
846.166	-62.68
846.387	-50.14
846.608	42.98
846.829	-21.49
847.05	7.16
847.271	37.61
847.492	5.37
847.713	55.52
847.934	-41.19
848.155	1.79
848.376	37.61
848.597	7.16
848.818	28.65
849.038	-55.52
849.259	-102.08
849.48	-51.94
849.701	-12.54
849.921	-59.1
850.142	77.01
850.363	-42.98
850.584	-132.52
850.804	23.28
851.025	-46.56
851.245	17.91
851.466	-23.28
851.687	-57.31
851.907	-19.7
852.128	50.14
852.348	-25.07
852.569	-103.87
852.789	-62.68
853.009	62.68
853.23	-44.77
853.45	-7.16
853.671	7.16
853.891	-55.52
854.111	60.89
854.332	-32.24
854.552	-62.68
854.772	-84.17
854.992	-105.66
855.213	-64.47
855.433	-78.8
855.653	-102.08
855.873	-44.77
856.093	-77.01
856.313	-16.12
856.533	48.35
856.753	32.24
856.974	-89.54
857.194	34.03
857.414	-139.69
857.634	0
857.854	64.47
858.073	-42.98
858.293	-100.29
858.513	-89.54
858.733	-137.9
858.953	-102.08
859.173	69.84
859.393	-26.86
859.612	-39.4
859.832	-89.54
860.052	-42.98
860.272	-42.98
860.491	19.7
860.711	-168.34
860.931	-57.31
861.15	51.94
861.37	-55.52
861.59	-46.56
861.809	-7.16
862.029	-48.35
862.248	-112.82
862.468	26.86
862.687	-68.05
862.907	62.68
863.126	94.92
863.346	-1.79
863.565	-118.2
863.785	-46.56
864.004	-85.96
864.223	-44.77
864.443	-107.45
864.662	-14.33
864.881	-14.33
865.1	-8.95
865.32	-128.94
865.539	-94.92
865.758	8.95
865.977	-1.79
866.196	-111.03
866.416	-116.41
866.635	-14.33
866.854	-12.54
867.073	-17.91
867.292	-89.54
867.511	10.75
867.73	34.03
867.949	-51.94
868.168	-21.49
868.387	50.14
868.606	-60.89
868.825	-125.36
869.044	-28.65
869.262	12.54
869.481	-184.46
869.7	-60.89
869.919	10.75
870.138	-62.68
870.356	-25.07
870.575	-8.95
870.794	-17.91
871.013	-78.8
871.231	-116.41
871.45	3.58
871.668	-53.73
871.887	50.14
872.106	-130.73
872.324	32.24
872.543	-28.65
872.761	-93.13
872.98	-30.44
873.198	-96.71
873.417	-28.65
873.635	34.03
873.854	8.95
874.072	-21.49
874.29	10.75
874.509	-73.43
874.727	-50.14
874.945	-55.52
875.164	-155.81
875.382	100.29
875.6	-10.75
875.818	26.86
876.037	51.94
876.255	-98.5
876.473	98.5
876.691	-39.4
876.909	0
877.127	-77.01
877.345	87.75
877.563	-60.89
877.781	-21.49
877.999	41.19
878.217	-41.19
878.435	-119.99
878.653	-96.71
878.871	-41.19
879.089	-64.47
879.307	69.84
879.525	-12.54
879.743	25.07
879.96	-159.39
880.178	-41.19
880.396	-60.89
880.614	-16.12
880.832	-107.45
881.049	25.07
881.267	-77.01
881.485	39.4
881.702	-64.47
881.92	-137.9
882.137	-68.05
882.355	41.19
882.573	-100.29
882.79	-30.44
883.008	-46.56
883.225	-107.45
883.443	-85.96
883.66	-91.33
883.877	-42.98
884.095	85.96
884.312	-84.17
884.53	-37.61
884.747	-5.37
884.964	-84.17
885.182	59.1
885.399	-19.7
885.616	-71.63
885.833	-41.19
886.051	-23.28
886.268	19.7
886.485	-1.79
886.702	148.64
886.919	-105.66
887.136	3.58
887.353	-10.75
887.57	-42.98
887.788	-64.47
888.005	66.26
888.222	-75.22
888.439	-53.73
888.655	-5.37
888.872	-48.35
889.089	-41.19
889.306	-46.56
889.523	-28.65
889.74	-26.86
889.957	-23.28
890.174	-62.68
890.39	50.14
890.607	1.79
890.824	-66.26
891.041	-46.56
891.257	-30.44
891.474	30.44
891.691	-73.43
891.907	-78.8
892.124	-93.13
892.34	-14.33
892.557	41.19
892.774	-3.58
892.99	19.7
893.207	41.19
893.423	-19.7
893.64	82.38
893.856	-111.03
894.072	53.73
894.289	-7.16
894.505	51.94
894.722	-121.78
894.938	-85.96
895.154	-93.13
895.37	-30.44
895.587	-16.12
895.803	-94.92
896.019	-8.95
896.235	-30.44
896.452	-157.6
896.668	-25.07
896.884	7.16
897.1	-60.89
897.316	-132.52
897.532	-87.75
897.748	17.91
897.964	1.79
898.18	-111.03
898.396	35.82
898.612	-14.33
898.828	-17.91
899.044	5.37
899.26	-25.07
899.476	-8.95
899.692	-34.03
899.908	-93.13
900.123	-53.73
900.339	-10.75
900.555	-46.56
900.771	-26.86
900.986	-62.68
901.202	-53.73
901.418	35.82
901.633	-25.07
901.849	34.03
902.065	37.61
902.28	17.91
902.496	-69.84
902.711	-82.38
902.927	50.14
903.143	34.03
903.358	-35.82
903.573	-55.52
903.789	-111.03
904.004	26.86
904.22	-100.29
904.435	-102.08
904.651	26.86
904.866	-78.8
905.081	-139.69
905.296	-8.95
905.512	-17.91
905.727	-68.05
905.942	-84.17
906.157	-28.65
906.373	82.38
906.588	57.31
906.803	-14.33
907.018	-34.03
907.233	-123.57
907.448	-3.58
907.663	-59.1
907.878	12.54
908.093	-66.26
908.308	-7.16
908.523	-143.27
908.738	-10.75
908.953	28.65
909.168	0
909.383	-62.68
909.598	-48.35
909.813	-7.16
910.027	-5.37
910.242	-80.59
910.457	37.61
910.672	-1.79
910.887	-23.28
911.101	-77.01
911.316	-50.14
911.531	-55.52
911.745	-132.52
911.96	-103.87
912.174	12.54
912.389	-8.95
912.604	8.95
912.818	21.49
913.033	60.89
913.247	-89.54
913.462	35.82
913.676	-69.84
913.89	-69.84
914.105	-168.34
914.319	-14.33
914.534	-41.19
914.748	23.28
914.962	-1.79
915.177	7.16
915.391	-80.59
915.605	-41.19
915.819	-84.17
916.034	17.91
916.248	48.35
916.462	-82.38
916.676	-73.43
916.89	-87.75
917.104	-57.31
917.318	-68.05
917.532	-46.56
917.746	50.14
917.96	-132.52
918.174	-134.32
918.388	-39.4
918.602	-82.38
918.816	-116.41
919.03	-42.98
919.244	66.26
919.458	-46.56
919.672	-89.54
919.886	0
920.099	12.54
920.313	-59.1
920.527	-107.45
920.741	7.16
920.954	-16.12
921.168	75.22
921.382	28.65
921.595	-26.86
921.809	-94.92
922.023	-42.98
922.236	-71.63
922.45	-105.66
922.663	66.26
922.877	-46.56
923.09	-23.28
923.304	-55.52
923.517	-59.1
923.731	-80.59
923.944	-161.18
924.157	7.16
924.371	-16.12
924.584	0
924.797	-64.47
925.011	-128.94
925.224	44.77
925.437	-39.4
925.65	-69.84
925.864	-116.41
926.077	-155.81
926.29	19.7
926.503	-85.96
926.716	16.12
926.929	-7.16
927.142	-137.9
927.355	-93.13
927.568	-59.1
927.781	12.54
927.994	-55.52
928.207	-64.47
928.42	-41.19
928.633	-82.38
928.846	-32.24
929.059	30.44
929.272	-87.75
929.485	59.1
929.697	-118.2
929.91	-50.14
930.123	-152.22
930.336	-93.13
930.549	98.5
930.761	-132.52
930.974	-16.12
931.187	-82.38
931.399	-48.35
931.612	-39.4
931.824	-46.56
932.037	-64.47
932.249	-3.58
932.462	-62.68
932.675	-100.29
932.887	-75.22
933.099	-30.44
933.312	-10.75
933.524	-66.26
933.737	-77.01
933.949	-28.65
934.161	-53.73
934.374	3.58
934.586	32.24
934.798	-59.1
935.011	-73.43
935.223	-60.89
935.435	-78.8
935.647	-53.73
935.859	-121.78
936.072	-96.71
936.284	71.63
936.496	87.75
936.708	28.65
936.92	-127.15
937.132	-25.07
937.344	-12.54
937.556	66.26
937.768	-23.28
937.98	-87.75
938.192	21.49
938.404	-66.26
938.616	-66.26
938.828	-7.16
939.039	-82.38
939.251	-37.61
939.463	-7.16
939.675	-85.96
939.887	51.94
940.098	-146.85
940.31	7.16
940.522	-16.12
940.733	-66.26
940.945	-16.12
941.157	-107.45
941.368	-8.95
941.58	64.47
941.791	-89.54
942.003	-42.98
942.214	-41.19
942.426	-57.31
942.637	12.54
942.849	-42.98
943.06	-26.86
943.272	-26.86
943.483	1.79
943.694	78.8
943.906	-184.46
944.117	30.44
944.328	-1.79
944.54	-145.06
944.751	48.35
944.962	-26.86
945.173	-87.75
945.384	-114.62
945.596	-46.56
945.807	60.89
946.018	1.79
946.229	-118.2
946.44	-66.26
946.651	-53.73
946.862	-71.63
947.073	-44.77
947.284	-118.2
947.495	-57.31
947.706	0
947.917	112.82
948.128	-64.47
948.339	-71.63
948.549	1.79
948.76	-26.86
948.971	-32.24
949.182	-51.94
949.393	-59.1
949.603	-87.75
949.814	-48.35
950.025	-46.56
950.235	-82.38
950.446	-21.49
950.657	-21.49
950.867	-148.64
951.078	-85.96
951.288	-82.38
951.499	-37.61
951.709	1.79
951.92	-127.15
952.13	8.95
952.341	-53.73
952.551	-42.98
952.762	-41.19
952.972	-5.37
953.182	-109.24
953.393	0
953.603	-51.94
953.813	-51.94
954.024	-87.75
954.234	-50.14
954.444	-1.79
954.654	-28.65
954.865	-107.45
955.075	7.16
955.285	112.82
955.495	-25.07
955.705	-84.17
955.915	-66.26
956.125	26.86
956.335	14.33
956.545	-3.58
956.755	127.15
956.965	-32.24
957.175	78.8
957.385	-62.68
957.595	-46.56
957.805	3.58
958.015	64.47
958.224	-80.59
958.434	44.77
958.644	-82.38
958.854	-3.58
959.064	-55.52
959.273	-39.4
959.483	-119.99
959.693	-3.58
959.902	-68.05
960.112	-123.57
960.322	14.33
960.531	-98.5
960.741	21.49
960.95	-57.31
961.16	-100.29
961.369	-41.19
961.579	-23.28
961.788	-80.59
961.998	-1.79
962.207	16.12
962.416	-116.41
962.626	14.33
962.835	-21.49
963.044	-46.56
963.254	-102.08
963.463	-121.78
963.672	-162.97
963.881	-48.35
964.091	10.75
964.3	-111.03
964.509	-119.99
964.718	34.03
964.927	-66.26
965.136	3.58
965.345	-82.38
965.554	-55.52
965.763	-136.11
965.972	0
966.181	53.73
966.39	-68.05
966.599	-44.77
966.808	69.84
967.017	-127.15
967.226	-68.05
967.435	-71.63
967.644	-78.8
967.852	25.07
968.061	-12.54
968.27	-3.58
968.479	-51.94
968.687	62.68
968.896	32.24
969.105	-91.33
969.313	-93.13
969.522	-35.82
969.731	-3.58
969.939	-143.27
970.148	69.84
970.356	-37.61
970.565	-66.26
970.773	-39.4
970.982	-1.79
971.19	-139.69
971.399	21.49
971.607	-32.24
971.815	-42.98
972.024	53.73
972.232	-107.45
972.44	-91.33
972.649	-164.76
972.857	-23.28
973.065	-57.31
973.273	48.35
973.482	44.77
973.69	-152.22
973.898	-82.38
974.106	41.19
974.314	-75.22
974.522	-19.7
974.73	17.91
974.938	-28.65
975.146	-25.07
975.354	-64.47
975.562	59.1
975.77	-150.43
975.978	5.37
976.186	-100.29
976.394	-44.77
976.602	69.84
976.81	-59.1
977.018	42.98
977.225	-66.26
977.433	53.73
977.641	42.98
977.849	-32.24
978.056	-30.44
978.264	10.75
978.472	-85.96
978.679	34.03
978.887	-50.14
979.094	-17.91
979.302	7.16
979.51	-123.57
979.717	-82.38
979.925	12.54
980.132	-57.31
980.339	-44.77
980.547	-25.07
980.754	14.33
980.962	-53.73
981.169	-105.66
981.376	-17.91
981.584	-89.54
981.791	8.95
981.998	-128.94
982.206	-34.03
982.413	-21.49
982.62	-7.16
982.827	-216.69
983.034	12.54
983.242	-134.32
983.449	-30.44
983.656	-116.41
983.863	-10.75
984.07	-118.2
984.277	-55.52
984.484	-111.03
984.691	46.56
984.898	-50.14
985.105	-136.11
985.312	-162.97
985.519	-57.31
985.725	-82.38
985.932	-37.61
986.139	23.28
986.346	-41.19
986.553	-1.79
986.759	-60.89
986.966	-14.33
987.173	-55.52
987.38	-102.08
987.586	-111.03
987.793	-71.63
988	-69.84
988.206	-170.13
988.413	-39.4
988.619	-50.14
988.826	-80.59
989.032	109.24
989.239	-48.35
989.445	-100.29
989.652	55.52
989.858	-89.54
990.064	16.12
990.271	-37.61
990.477	-87.75
990.684	-7.16
990.89	-75.22
991.096	1.79
991.302	-60.89
991.509	-42.98
991.715	-51.94
991.921	-143.27
992.127	55.52
992.333	-114.62
992.539	-59.1
992.746	3.58
992.952	-80.59
993.158	-78.8
993.364	84.17
993.57	-161.18
993.776	-85.96
993.982	-82.38
994.188	-59.1
994.394	-132.52
994.599	-121.78
994.805	-84.17
995.011	-71.63
995.217	-50.14
995.423	-107.45
995.629	55.52
995.834	-73.43
996.04	-8.95
996.246	-59.1
996.452	-8.95
996.657	-53.73
996.863	-146.85
997.068	-39.4
997.274	7.16
997.48	-53.73
997.685	-46.56
997.891	-71.63
998.096	7.16
998.302	-62.68
998.507	-136.11
998.713	35.82
998.918	-87.75
999.123	26.86
999.329	-23.28
999.534	-166.55
999.74	-69.84
999.945	-200.58
1000.15	32.24
1000.355	-68.05
1000.561	82.38
1000.766	-55.52
1000.971	-34.03
1001.176	-14.33
1001.381	85.96
1001.586	-14.33
1001.792	-8.95
1001.997	-55.52
1002.202	51.94
1002.407	-112.82
1002.612	12.54
1002.817	-10.75
1003.022	-69.84
1003.227	-48.35
1003.432	5.37
1003.637	-3.58
1003.841	-103.87
1004.046	8.95
1004.251	-73.43
1004.456	-53.73
1004.661	28.65
1004.865	-53.73
1005.07	12.54
1005.275	68.05
1005.48	-132.52
1005.684	12.54
1005.889	-14.33
1006.094	-28.65
1006.298	-118.2
1006.503	64.47
1006.707	-14.33
1006.912	-73.43
1007.116	-44.77
1007.321	-46.56
1007.525	109.24
1007.73	-37.61
1007.934	-128.94
1008.139	-10.75
1008.343	25.07
1008.547	-94.92
1008.752	-85.96
1008.956	-26.86
1009.16	-21.49
1009.364	-42.98
1009.569	93.13
1009.773	-51.94
1009.977	-91.33
1010.181	-98.5
1010.385	-44.77
1010.589	-116.41
1010.794	-157.6
1010.998	-69.84
1011.202	30.44
1011.406	0
1011.61	-75.22
1011.814	-245.35
1012.018	-137.9
1012.222	-98.5
1012.426	-66.26
1012.629	53.73
1012.833	7.16
1013.037	-46.56
1013.241	-87.75
1013.445	-32.24
1013.649	-60.89
1013.852	-26.86
1014.056	-35.82
1014.26	-146.85
1014.463	-57.31
1014.667	35.82
1014.871	-105.66
1015.074	-102.08
1015.278	-85.96
1015.482	-109.24
1015.685	-30.44
1015.889	8.95
1016.092	-125.36
1016.296	-80.59
1016.499	3.58
1016.703	-39.4
1016.906	-105.66
1017.109	-50.14
1017.313	-121.78
1017.516	-50.14
1017.719	-78.8
1017.923	-44.77
1018.126	-105.66
1018.329	-1.79
1018.532	-8.95
1018.736	-62.68
1018.939	28.65
1019.142	1.79
1019.345	-46.56
1019.548	-89.54
1019.751	-19.7
1019.954	-73.43
1020.157	-5.37
1020.361	-14.33
1020.564	-100.29
1020.766	-91.33
1020.969	96.71
1021.172	-69.84
1021.375	-145.06
1021.578	-94.92
1021.781	-8.95
1021.984	-35.82
1022.187	23.28
1022.389	-3.58
1022.592	-64.47
1022.795	-32.24
1022.998	-48.35
1023.2	-34.03
1023.403	-96.71
1023.606	-8.95
1023.808	-75.22
1024.011	-80.59
1024.214	1.79
1024.416	0
1024.619	-17.91
1024.821	-71.63
1025.024	-89.54
1025.226	-48.35
1025.429	-116.41
1025.631	14.33
1025.833	-8.95
1026.036	-28.65
1026.238	-94.92
1026.441	-96.71
1026.643	-8.95
1026.845	-57.31
1027.047	-62.68
1027.25	-96.71
1027.452	39.4
1027.654	93.13
1027.856	-112.82
1028.058	-44.77
1028.261	-118.2
1028.463	-100.29
1028.665	77.01
1028.867	-152.22
1029.069	-50.14
1029.271	-21.49
1029.473	-23.28
1029.675	17.91
1029.877	-103.87
1030.079	-30.44
1030.281	-87.75
1030.482	-75.22
1030.684	-46.56
1030.886	21.49
1031.088	-75.22
1031.29	3.58
1031.491	-10.75
1031.693	-42.98
1031.895	77.01
1032.097	-50.14
1032.298	-60.89
1032.5	-107.45
1032.701	-87.75
1032.903	-57.31
1033.105	44.77
1033.306	-14.33
1033.508	-12.54
1033.709	-103.87
1033.911	8.95
1034.112	-87.75
1034.314	-109.24
1034.515	-34.03
1034.716	-50.14
1034.918	-98.5
1035.119	-42.98
1035.32	-10.75
1035.522	-62.68
1035.723	-48.35
1035.924	-73.43
1036.125	-66.26
1036.327	-93.13
1036.528	-80.59
1036.729	-166.55
1036.93	-39.4
1037.131	-60.89
1037.332	34.03
1037.533	7.16
1037.734	-75.22
1037.935	-136.11
1038.136	-125.36
1038.337	-93.13
1038.538	-59.1
1038.739	-50.14
1038.94	-19.7
1039.141	-154.01
1039.342	-30.44
1039.543	-93.13
1039.744	-37.61
1039.944	-84.17
1040.145	-21.49
1040.346	-128.94
1040.547	-59.1
1040.747	-143.27
1040.948	16.12
1041.149	-5.37
1041.349	34.03
1041.55	-136.11
1041.75	-134.32
1041.951	5.37
1042.152	-26.86
1042.352	-82.38
1042.553	-137.9
1042.753	-73.43
1042.953	10.75
1043.154	-152.22
1043.354	-71.63
1043.555	-42.98
1043.755	-25.07
1043.955	-42.98
1044.156	-64.47
1044.356	-37.61
1044.556	-77.01
1044.756	-89.54
1044.957	-94.92
1045.157	-119.99
1045.357	-107.45
1045.557	-59.1
1045.757	-68.05
1045.957	-50.14
1046.157	-84.17
1046.357	-148.64
1046.557	-50.14
1046.757	-111.03
1046.957	-34.03
1047.157	-30.44
1047.357	-112.82
1047.557	-105.66
1047.757	-96.71
1047.957	-116.41
1048.157	-42.98
1048.356	-84.17
1048.556	-12.54
1048.756	-136.11
1048.956	7.16
1049.156	-23.28
1049.355	-62.68
1049.555	-105.66
1049.755	-23.28
1049.954	-98.5
1050.154	25.07
1050.353	37.61
1050.553	69.84
1050.752	-211.32
1050.952	51.94
1051.151	-75.22
1051.351	-69.84
1051.55	-39.4
1051.75	17.91
1051.949	-41.19
1052.148	250.72
1052.348	-51.94
1052.547	-14.33
1052.746	-103.87
1052.946	19.7
1053.145	-148.64
1053.344	-7.16
1053.543	-123.57
1053.743	-50.14
1053.942	-78.8
1054.141	-19.7
1054.34	-98.5
1054.539	-75.22
1054.738	5.37
1054.937	-73.43
1055.136	-62.68
1055.335	-98.5
1055.534	-50.14
1055.733	46.56
1055.932	46.56
1056.131	46.56
