194.216	-325.94
194.484	-325.94
194.753	-325.94
195.022	-388.62
195.29	8.95
195.559	48.35
195.827	-42.98
196.096	-66.26
196.364	14.33
196.633	-41.19
196.901	-114.62
197.17	136.11
197.438	14.33
197.706	75.22
197.975	16.12
198.243	-71.63
198.512	32.24
198.78	197
199.048	270.42
199.317	460.25
199.585	333.1
199.853	431.6
200.122	324.15
200.39	354.59
200.658	170.13
200.926	245.35
201.195	316.98
201.463	188.04
201.731	263.26
201.999	297.28
202.267	299.07
202.536	359.96
202.804	248.93
203.072	322.36
203.34	295.49
203.608	311.61
203.876	216.69
204.144	372.5
204.412	128.94
204.68	256.09
204.948	270.42
205.216	327.73
205.484	336.68
205.752	290.12
206.02	286.54
206.288	315.19
206.556	168.34
206.824	322.36
207.092	241.77
207.36	419.06
207.628	354.59
207.896	306.24
208.164	340.26
208.431	311.61
208.699	238.19
208.967	227.44
209.235	272.21
209.503	274
209.77	231.02
210.038	295.49
210.306	275.79
210.573	354.59
210.841	213.11
211.109	349.22
211.377	284.75
211.644	338.47
211.912	256.09
212.179	214.9
212.447	121.78
212.715	322.36
212.982	471
213.25	351.01
213.517	247.14
213.785	315.19
214.052	250.72
214.32	200.58
214.587	247.14
214.855	309.82
215.122	275.79
215.39	286.54
215.657	96.71
215.925	238.19
216.192	270.42
216.459	277.58
216.727	275.79
216.994	195.2
217.261	209.53
217.529	354.59
217.796	351.01
218.063	413.69
218.331	295.49
218.598	299.07
218.865	284.75
219.132	265.05
219.399	211.32
219.667	220.28
219.934	200.58
220.201	397.57
220.468	261.47
220.735	302.66
221.002	261.47
221.27	261.47
221.537	320.57
221.804	270.42
222.071	162.97
222.338	338.47
222.605	313.4
222.872	197
223.139	290.12
223.406	286.54
223.673	324.15
223.94	325.94
224.207	327.73
224.474	248.93
224.741	279.38
225.007	266.84
225.274	274
225.541	265.05
225.808	222.07
226.075	207.74
226.342	274
226.609	152.22
226.875	171.92
227.142	200.58
227.409	261.47
227.676	338.47
227.942	266.84
228.209	225.65
228.476	186.25
228.742	231.02
229.009	241.77
229.276	327.73
229.542	277.58
229.809	286.54
230.076	356.38
230.342	247.14
230.609	154.01
230.875	376.08
231.142	318.77
231.408	286.54
231.675	245.35
231.941	295.49
232.208	259.68
232.474	259.68
232.741	358.17
233.007	188.04
233.274	435.18
233.54	338.47
233.807	188.04
234.073	315.19
234.339	274
234.606	250.72
234.872	367.13
235.138	256.09
235.405	275.79
235.671	270.42
235.937	393.99
236.203	324.15
236.47	340.26
236.736	281.17
237.002	272.21
237.268	290.12
237.535	334.89
237.801	377.87
238.067	274
238.333	372.5
238.599	288.33
238.865	236.39
239.131	275.79
239.397	295.49
239.663	179.09
239.929	284.75
240.195	308.03
240.462	338.47
240.728	252.51
240.993	189.83
241.259	376.08
241.525	347.43
241.791	205.95
242.057	263.26
242.323	166.55
242.589	252.51
242.855	324.15
243.121	257.88
243.387	175.51
243.652	291.91
243.918	155.81
244.184	198.79
244.45	261.47
244.716	338.47
244.981	290.12
245.247	265.05
245.513	236.39
245.779	231.02
246.044	288.33
246.31	424.44
246.576	340.26
246.841	297.28
247.107	234.6
247.373	284.75
247.638	453.09
247.904	460.25
248.169	313.4
248.435	168.34
248.7	197
248.966	266.84
249.231	284.75
249.497	304.45
249.762	363.55
250.028	281.17
250.293	259.68
250.559	218.49
250.824	145.06
251.09	261.47
251.355	431.6
251.62	263.26
251.886	223.86
252.151	316.98
252.416	270.42
252.682	334.89
252.947	325.94
253.212	324.15
253.477	356.38
253.743	254.3
254.008	315.19
254.273	141.48
254.538	356.38
254.804	211.32
255.069	388.62
255.334	365.34
255.599	168.34
255.864	225.65
256.129	399.36
256.394	274
256.659	193.41
256.925	263.26
257.19	155.81
257.455	211.32
257.72	241.77
257.985	351.01
258.25	329.52
258.515	290.12
258.78	277.58
259.044	282.96
259.309	222.07
259.574	229.23
259.839	245.35
260.104	272.21
260.369	216.69
260.634	311.61
260.899	347.43
261.163	263.26
261.428	207.74
261.693	227.44
261.958	306.24
262.223	119.99
262.487	290.12
262.752	343.85
263.017	225.65
263.281	290.12
263.546	229.23
263.811	313.4
264.075	318.77
264.34	231.02
264.605	177.3
264.869	476.37
265.134	154.01
265.398	155.81
265.663	227.44
265.927	408.32
266.192	245.35
266.457	241.77
266.721	354.59
266.985	325.94
267.25	282.96
267.514	180.88
267.779	272.21
268.043	327.73
268.308	295.49
268.572	263.26
268.836	288.33
269.101	308.03
269.365	279.38
269.629	388.62
269.894	265.05
270.158	338.47
270.422	257.88
270.687	257.88
270.951	349.22
271.215	243.56
271.479	238.19
271.743	268.63
272.008	146.85
272.272	272.21
272.536	247.14
272.8	248.93
273.064	324.15
273.328	385.04
273.592	268.63
273.856	331.31
274.12	236.39
274.385	263.26
274.649	239.98
274.913	345.64
275.177	198.79
275.441	336.68
275.704	164.76
275.968	266.84
276.232	238.19
276.496	128.94
276.76	218.49
277.024	379.66
277.288	238.19
277.552	209.53
277.816	261.47
278.079	381.45
278.343	343.85
278.607	295.49
278.871	316.98
279.135	324.15
279.398	238.19
279.662	308.03
279.926	241.77
280.189	309.82
280.453	177.3
280.717	281.17
280.98	257.88
281.244	275.79
281.508	338.47
281.771	211.32
282.035	259.68
282.298	372.5
282.562	291.91
282.826	316.98
283.089	231.02
283.353	270.42
283.616	268.63
283.88	308.03
284.143	266.84
284.407	263.26
284.67	272.21
284.933	266.84
285.197	186.25
285.46	295.49
285.724	290.12
285.987	351.01
286.25	306.24
286.514	433.39
286.777	223.86
287.04	302.66
287.303	293.7
287.567	225.65
287.83	370.71
288.093	309.82
288.356	216.69
288.62	351.01
288.883	316.98
289.146	279.38
289.409	234.6
289.672	274
289.935	247.14
290.198	309.82
290.461	315.19
290.725	250.72
290.988	220.28
291.251	295.49
291.514	148.64
291.777	393.99
292.04	247.14
292.303	236.39
292.566	216.69
292.829	361.76
293.091	426.23
293.354	413.69
293.617	261.47
293.88	252.51
294.143	213.11
294.406	291.91
294.669	164.76
294.932	316.98
295.194	263.26
295.457	336.68
295.72	261.47
295.983	318.77
296.245	281.17
296.508	318.77
296.771	368.92
297.034	359.96
297.296	256.09
297.559	377.87
297.822	227.44
298.084	313.4
298.347	231.02
298.609	315.19
298.872	282.96
299.135	254.3
299.397	322.36
299.66	220.28
299.922	322.36
300.185	238.19
300.447	245.35
300.71	383.25
300.972	336.68
301.235	308.03
301.497	227.44
301.759	316.98
302.022	467.42
302.284	343.85
302.546	530.1
302.809	272.21
303.071	302.66
303.333	309.82
303.596	211.32
303.858	372.5
304.12	290.12
304.383	392.2
304.645	259.68
304.907	442.34
305.169	351.01
305.431	381.45
305.694	333.1
305.956	338.47
306.218	282.96
306.48	433.39
306.742	367.13
307.004	345.64
307.266	424.44
307.528	438.76
307.79	453.09
308.052	456.67
308.314	338.47
308.576	424.44
308.838	388.62
309.1	517.56
309.362	247.14
309.624	359.96
309.886	428.02
310.148	481.74
310.41	417.27
310.672	402.95
310.934	492.49
311.196	329.52
311.457	488.91
311.719	424.44
311.981	435.18
312.243	537.26
312.504	351.01
312.766	585.61
313.028	449.51
313.29	494.28
313.551	422.64
313.813	497.86
314.075	429.81
314.336	444.14
314.598	397.57
314.86	522.93
315.121	435.18
315.383	494.28
315.644	483.53
315.906	420.85
316.167	594.57
316.429	505.02
316.69	462.04
316.952	431.6
317.213	451.3
317.475	705.6
317.736	492.49
317.998	539.05
318.259	546.21
318.521	515.77
318.782	556.96
319.043	573.08
319.305	449.51
319.566	710.97
319.827	515.77
320.089	479.95
320.35	616.06
320.611	608.89
320.872	571.29
321.134	569.5
321.395	483.53
321.656	601.73
321.917	429.81
322.178	530.1
322.44	531.89
322.701	567.7
322.962	612.48
323.223	616.06
323.484	576.66
323.745	632.18
324.006	650.08
324.267	678.74
324.528	662.62
324.789	574.87
325.05	592.78
325.311	612.48
325.572	608.89
325.833	607.1
326.094	725.3
326.355	694.86
326.616	564.12
326.877	762.91
327.138	662.62
327.398	671.58
327.659	719.93
327.92	648.29
328.181	603.52
328.442	947.37
328.702	827.38
328.963	746.79
329.224	764.7
329.485	707.39
329.745	693.07
330.006	718.14
330.267	757.54
330.527	770.07
330.788	680.53
331.049	680.53
331.309	739.63
331.57	809.47
331.83	793.35
332.091	694.86
332.351	823.8
332.612	972.44
332.873	877.53
333.133	816.64
333.393	859.62
333.654	823.8
333.914	834.54
334.175	836.34
334.435	924.09
334.696	895.43
334.956	798.73
335.216	854.24
335.477	920.51
335.737	934.83
335.997	902.6
336.258	1011.84
336.518	854.24
336.778	922.3
337.038	829.17
337.299	952.74
337.559	879.32
337.819	997.51
338.079	830.96
338.34	845.29
338.6	877.53
338.86	967.07
339.12	907.97
339.38	992.14
339.64	927.67
339.9	1122.87
340.16	1031.54
340.42	963.49
340.68	1040.49
340.94	983.19
341.2	999.3
341.46	924.09
341.72	976.02
341.98	1079.89
342.24	972.44
342.5	1108.55
342.76	934.83
343.02	1104.97
343.28	1153.32
343.54	1185.55
343.799	1153.32
344.059	1187.35
344.319	1151.53
344.579	1303.75
344.839	1115.71
345.098	1096.01
345.358	1099.59
345.618	1002.89
345.878	1135.41
346.137	1160.48
346.397	1142.57
346.657	1190.93
346.916	1088.85
347.176	1198.09
347.435	1174.81
347.695	1241.07
347.955	1251.82
348.214	1242.86
348.474	1212.42
348.733	1307.33
348.993	1294.8
349.252	1303.75
349.512	1498.96
349.771	1337.78
350.031	1312.71
350.29	1325.24
350.549	1404.04
350.809	1481.05
351.068	1307.33
351.328	1387.92
351.587	1464.93
351.846	1371.8
352.106	1378.97
352.365	1495.37
352.624	1482.84
352.883	1488.21
353.143	1334.2
353.402	1584.92
353.661	1328.82
353.92	1486.42
354.179	1532.98
354.439	1506.12
354.698	1441.65
354.957	1455.98
355.216	1567.01
355.475	1525.82
355.734	1563.43
355.993	1635.06
356.252	1509.7
356.511	1586.71
356.77	1737.14
357.029	1674.46
357.288	1599.24
357.547	1762.21
357.806	1699.53
358.065	1778.33
358.324	1744.3
358.583	1814.15
358.842	1772.96
359.101	1821.31
359.36	1771.17
359.619	1688.79
359.877	1713.86
360.136	1789.08
360.395	1803.4
360.654	1857.13
360.913	1823.1
361.171	1842.8
361.43	1712.07
361.689	1815.94
361.947	1824.89
362.206	1875.04
362.465	1961
362.723	1898.32
362.982	1925.18
363.241	1909.06
363.499	2066.66
363.758	1841.01
364.016	1966.37
364.275	1962.79
364.533	2011.14
364.792	2011.14
365.05	2055.92
365.309	2043.38
365.567	2084.57
365.826	2045.17
366.084	2063.08
366.343	1926.97
366.601	2021.89
366.86	2080.99
367.118	2079.2
367.376	2098.9
367.635	2023.68
367.893	2054.12
368.151	2193.81
368.409	2118.6
368.668	2120.39
368.926	2215.3
369.184	2080.99
369.442	2190.23
369.701	2170.53
369.959	2288.73
370.217	2233.21
370.475	2186.65
370.733	2227.84
370.991	2217.09
371.25	2183.07
371.508	2317.38
371.766	2308.43
372.024	2442.74
372.282	2326.34
372.54	2381.85
372.798	2387.23
373.056	2408.72
373.314	2449.91
373.572	2553.78
373.83	2444.53
374.088	2380.06
374.345	2555.57
374.603	2643.32
374.861	2451.7
375.119	2548.4
375.377	2645.11
375.635	2600.34
375.893	2636.16
376.15	2738.24
376.408	2732.86
376.666	2781.22
376.924	2768.68
377.181	2868.97
377.439	2799.13
377.697	2849.27
377.954	2817.03
378.212	2770.47
378.47	2809.87
378.727	2861.81
378.985	2840.32
379.243	2870.76
379.5	2779.43
379.758	3067.76
380.015	2938.81
380.273	2953.14
380.53	2944.19
380.788	3245.05
381.045	3117.9
381.303	2945.98
381.56	3107.15
381.818	3087.46
382.075	2983.59
382.332	3117.9
382.59	3300.57
382.847	3295.2
383.105	3305.94
383.362	3390.11
383.619	3243.26
383.876	3223.56
384.134	3370.41
384.391	3178.79
384.648	3504.73
384.905	3406.23
385.163	3370.41
385.42	3558.45
385.677	3420.56
385.934	3576.36
386.191	3440.26
386.449	3562.04
386.706	3567.41
386.963	3619.34
387.22	3730.38
387.477	3741.12
387.734	3665.91
387.991	3721.42
388.248	3887.97
388.505	3800.22
388.762	3730.38
389.019	3757.24
389.276	3837.83
389.533	3836.04
389.79	3923.79
390.047	3832.46
390.304	3934.54
390.56	3990.05
390.817	3941.7
391.074	3850.36
391.331	3990.05
391.588	3916.63
391.844	4179.88
392.101	4002.59
392.358	3941.7
392.615	4161.98
392.871	4043.78
393.128	4063.48
393.385	4194.21
393.641	4299.87
393.898	4308.83
394.155	4321.36
394.411	4256.89
394.668	4242.56
394.925	4393
395.181	4450.31
395.438	4278.38
395.694	4317.78
395.951	4339.27
396.207	4403.74
396.464	4371.51
396.72	4439.56
396.977	4620.44
397.233	4674.16
397.489	4570.29
397.746	4668.79
398.002	4588.2
398.259	4688.49
398.515	4607.9
398.771	4864
399.028	4581.04
399.284	4883.7
399.54	4697.45
399.796	4933.84
400.053	4864
400.309	4898.02
400.565	4885.49
400.821	5078.9
401.078	4849.67
401.334	5003.68
401.59	5082.48
401.846	5261.57
402.102	5197.1
402.358	5150.53
402.614	5155.91
402.87	5377.97
403.126	5141.58
403.382	5327.83
403.638	5322.46
403.894	5168.44
404.15	5318.88
404.406	5333.2
404.662	5372.6
404.918	5462.15
405.174	5514.08
405.43	5524.83
405.686	5478.26
405.942	5659.14
406.198	5786.29
406.454	5580.34
406.709	5857.93
406.965	5913.44
407.221	5748.68
407.477	5641.23
407.732	5508.71
407.988	5734.36
408.244	5754.06
408.5	5782.71
408.755	5814.95
409.011	5931.35
409.267	5822.11
409.522	5768.38
409.778	5847.18
410.033	6013.73
410.289	5863.3
410.545	5866.88
410.8	5897.33
411.056	5976.12
411.311	6112.23
411.567	6015.52
411.822	5963.59
412.078	6130.14
412.333	5893.74
412.588	6040.6
412.844	5956.42
413.099	6205.36
413.355	6049.55
413.61	6196.4
413.865	6208.94
414.121	6011.94
414.376	6169.54
414.631	6198.19
414.887	6157
415.142	6436.38
415.397	6219.68
415.652	6276.99
415.907	6302.06
416.163	6355.79
416.418	6359.37
416.673	6244.75
416.928	6362.95
417.183	6314.6
417.438	6194.61
417.693	6465.03
417.949	6282.36
418.204	6316.39
418.459	6205.36
418.714	6343.25
418.969	6509.8
419.224	6407.72
419.479	6379.07
419.734	6438.17
419.989	6420.26
420.243	6486.52
420.498	6423.84
420.753	6509.8
421.008	6540.25
421.263	6631.58
421.518	6513.38
421.773	6798.13
422.027	6622.63
422.282	6683.52
422.537	6647.7
422.792	6534.87
423.047	6662.03
423.301	6681.73
423.556	6687.1
423.811	6783.81
424.065	6710.38
424.32	6644.12
424.575	6898.42
424.829	6975.43
425.084	6998.71
425.338	6941.4
425.593	6753.36
425.848	6948.57
426.102	7034.53
426.357	6923.49
426.611	7009.45
426.866	7141.98
427.12	6944.98
427.374	7177.8
427.629	7021.99
427.883	7287.04
428.138	7106.16
428.392	7211.82
428.646	7321.07
428.901	7297.78
429.155	7233.31
429.409	7399.86
429.664	7306.74
429.918	7220.78
430.172	7514.48
430.427	7328.23
430.681	7460.75
430.935	7578.95
431.189	7507.32
431.443	7399.86
431.698	7557.46
431.952	7494.78
432.206	7618.35
432.46	7435.68
432.714	7492.99
432.968	7754.46
433.222	7695.36
433.476	7770.57
433.73	7772.36
433.984	7926.38
434.238	7924.59
434.492	7799.23
434.746	8030.25
435	7922.8
435.254	7942.5
435.508	8107.26
435.762	7922.8
436.016	8166.36
436.27	8277.39
436.523	8259.48
436.777	8030.25
437.031	8062.48
437.285	8252.32
437.539	8368.72
437.792	8535.27
438.046	8409.91
438.3	8583.63
438.553	8395.59
438.807	8569.3
439.061	8615.86
439.314	8771.67
439.568	8794.95
439.822	8664.22
440.075	8644.52
440.329	8678.54
440.582	8762.71
440.836	8753.76
441.09	8845.09
441.343	8911.36
441.597	8988.36
441.85	9092.23
442.103	9061.79
442.357	8882.7
442.61	8904.19
442.864	9119.1
443.117	9077.91
443.371	9248.04
443.624	9319.67
443.877	9061.79
444.131	9265.95
444.384	9221.18
444.637	9244.46
444.89	9452.2
445.144	9280.27
445.397	9221.18
445.65	9543.53
445.903	9364.45
446.157	9267.74
446.41	9525.62
446.663	9586.51
446.916	9579.35
447.169	9554.28
447.422	9416.38
447.675	9778.14
447.928	9561.44
448.181	9966.18
448.435	9799.63
448.688	9693.96
448.941	9957.22
449.194	9993.04
449.446	9865.89
449.699	10182.87
449.952	9937.52
450.205	9989.46
450.458	10036.02
450.711	10191.83
450.964	9998.41
451.217	10234.81
451.47	10249.13
451.722	10147.05
451.975	10369.12
452.228	10250.92
452.481	10211.53
452.733	10652.08
452.986	10542.84
453.239	10668.2
453.492	10537.46
453.744	10585.82
453.997	10594.77
454.25	10720.13
454.502	10768.49
454.755	10895.64
455.007	10816.84
455.26	11171.43
455.513	10918.92
455.765	11273.51
456.018	11465.13
456.27	11314.7
456.523	11406.03
456.775	11373.8
457.028	11619.15
457.28	11649.59
457.532	11556.47
457.785	11760.63
458.037	11841.21
458.29	11945.09
458.542	11882.4
458.794	11989.86
459.047	12027.47
459.299	12385.64
459.551	12057.91
459.803	12281.77
460.056	12245.95
460.308	12442.95
460.56	12210.13
460.812	12555.77
461.064	12473.39
461.317	12842.31
461.569	12937.23
461.821	12620.24
462.073	12690.09
462.325	13110.94
462.577	13127.06
462.829	13216.6
463.081	12833.36
463.333	13436.88
463.585	13290.03
463.837	13057.21
464.089	13775.35
464.341	13501.35
464.593	13607.01
464.845	13694.76
465.097	13757.44
465.349	13592.68
465.601	13735.95
465.852	13920.41
466.104	13846.99
466.356	14027.86
466.608	14221.28
466.86	14106.66
467.111	14224.86
467.363	14294.7
467.615	14500.65
467.867	14421.85
468.118	13906.09
468.37	13743.12
468.622	14325.15
468.873	14085.17
469.125	14708.39
469.376	14737.05
469.628	14668.99
469.88	14781.82
470.131	14973.44
470.383	15048.66
470.634	15073.73
470.886	15165.06
471.137	15181.18
471.389	15371.01
471.64	15906.48
471.892	15578.76
472.143	15616.36
472.394	15782.91
472.646	15662.93
472.897	15564.43
473.148	16225.26
473.4	16085.57
473.651	16381.06
473.902	16488.52
474.154	16357.78
474.405	16698.05
474.656	16839.53
474.907	16751.77
475.159	16866.39
475.41	17283.66
475.661	17299.78
475.912	17729.59
476.163	17391.11
476.414	18197
476.665	17969.56
476.917	17847.78
477.168	18306.25
477.419	18048.36
477.67	18702.03
477.921	18494.29
478.172	18576.67
478.423	18702.03
478.674	18877.53
478.925	19047.67
479.176	19556.27
479.426	19583.13
479.677	19413
479.928	19769.38
480.179	20258.29
480.43	19921.61
480.681	20827.79
480.932	20831.37
481.182	21100
481.433	21092.84
481.684	21397.28
481.935	21671.29
482.185	21408.03
482.436	21628.31
482.687	22097.51
482.937	21712.48
483.188	21943.5
483.439	23111.14
483.689	22935.64
483.94	22729.69
484.19	23370.82
484.441	23462.15
484.692	23616.17
484.942	24051.35
485.193	23904.5
485.443	24425.64
485.694	25457.18
485.944	25043.49
486.194	24622.64
486.445	25523.44
486.695	25161.69
486.946	26096.52
487.196	26046.37
487.446	25679.25
487.697	26268.44
487.947	26306.05
488.197	27396.69
488.448	27088.66
488.698	28209.74
488.948	27611.59
489.198	27441.46
489.449	28025.28
489.699	28172.13
489.949	28700.44
490.199	28859.83
490.449	29620.95
490.699	28956.53
490.949	29592.29
491.2	30052.55
491.45	30065.08
491.7	30441.16
491.95	30435.79
492.2	30548.62
492.45	31420.77
492.7	31719.84
492.95	31191.54
493.2	31920.42
493.45	32223.08
493.699	31929.37
493.949	32683.33
494.199	32301.87
494.449	32264.27
494.699	32695.87
494.949	33003.89
495.199	33297.6
495.448	34157.21
495.698	33707.71
495.948	33874.26
496.198	34089.16
496.447	34948.78
496.697	34307.65
496.947	34766.11
497.196	35040.11
497.446	34502.85
497.696	35398.28
497.945	34941.61
498.195	35600.65
498.444	36395.8
498.694	35403.66
498.944	36213.13
499.193	36490.71
499.443	36716.36
499.692	36633.98
499.942	36635.77
500.191	37040.51
500.44	37694.18
500.69	37481.06
500.939	37221.39
501.189	37599.26
501.438	38320.98
501.687	37482.85
501.937	37438.08
502.186	38363.96
502.435	38449.92
502.685	38383.66
502.934	38895.85
503.183	38516.18
503.432	38956.74
503.682	38347.84
503.931	38777.65
504.18	39108.96
504.429	39237.9
504.678	39060.61
504.927	39268.35
505.176	39536.98
505.426	40081.4
505.675	39751.88
505.924	40230.04
506.173	39943.51
506.422	39655.18
506.671	40708.21
506.92	40801.33
507.169	40362.57
507.418	40692.09
507.667	40724.32
507.915	40788.79
508.164	41096.82
508.413	41327.85
508.662	40568.52
508.911	41404.85
509.16	41386.94
509.408	41258
509.657	41861.52
509.906	41725.42
510.155	41766.61
510.404	42395.2
510.652	41582.15
510.901	42045.98
511.15	42454.3
511.398	41764.82
511.647	42466.84
511.896	42225.07
512.144	42563.54
512.393	42047.77
512.641	42731.89
512.89	42516.98
513.138	42735.47
513.387	43270.94
513.635	43793.87
513.884	43491.21
514.132	43176.02
514.381	43095.43
514.629	43258.4
514.878	43595.08
515.126	43552.1
515.374	43784.92
515.623	43962.21
515.871	43099.01
516.119	43869.09
516.368	44212.93
516.616	43917.44
516.864	43951.47
517.113	44082.2
517.361	44664.23
517.609	44030.26
517.857	44732.28
518.105	44089.36
518.354	44925.7
518.602	44714.38
518.85	45171.05
519.098	44877.35
519.346	45813.97
519.594	45522.06
519.842	44710.79
520.09	45377
520.338	44925.7
520.586	45436.1
520.834	45398.49
521.082	45608.02
521.33	45661.74
521.578	45461.17
521.826	46426.45
522.074	45625.93
522.322	46293.92
522.57	46259.89
522.817	45873.07
523.065	46276.01
523.313	46542.85
523.561	46302.88
523.809	46333.32
524.056	46831.18
524.304	46641.35
524.552	46951.17
524.8	46723.73
525.047	46992.36
525.295	47252.04
525.543	47157.12
525.79	47481.27
526.038	46908.19
526.285	47766.01
526.533	47280.69
526.781	47404.26
527.028	47456.19
527.276	48029.27
527.523	47529.62
527.771	47506.34
528.018	48122.4
528.266	47869.88
528.513	47841.23
528.76	47676.47
529.008	48410.73
529.255	47973.75
529.502	48151.05
529.75	48244.18
529.997	48161.8
530.244	48539.67
530.492	48425.05
530.739	48582.65
530.986	48801.14
531.234	48584.44
531.481	48675.77
531.728	48647.12
531.975	49213.03
532.222	48888.89
532.469	49189.75
532.717	48987.39
532.964	49116.33
533.211	49384.96
533.458	48926.5
533.705	49710.9
533.952	49365.26
534.199	49472.71
534.446	49023.2
534.693	49675.08
534.94	49752.09
535.187	49669.71
535.434	49809.39
535.681	49863.12
535.928	50407.54
536.174	50318
536.421	49531.81
536.668	50052.95
536.915	50072.65
537.162	50806.91
537.409	50081.61
537.655	50414.71
537.902	50350.24
538.149	50097.72
538.396	50711.99
538.642	50694.08
538.889	50563.35
539.136	50452.32
539.382	50282.18
539.629	51134.64
539.875	50617.07
540.122	50808.7
540.369	50559.77
540.615	51120.31
540.862	51410.43
541.108	51093.45
541.355	50946.59
541.601	51433.71
541.848	51299.4
542.094	50957.34
542.341	51306.56
542.587	51784.72
542.833	50839.14
543.08	51030.77
543.326	51600.26
543.572	51410.43
543.819	51716.67
544.065	51734.58
544.311	51605.63
544.558	51521.46
544.804	51730.99
545.05	51854.56
545.296	51885.01
545.542	51802.63
545.789	52080.21
546.035	52187.67
546.281	51906.5
546.527	52074.84
546.773	51793.67
547.019	51804.42
547.265	51997.83
547.511	52046.19
547.757	52581.66
548.003	52445.55
548.249	51974.55
548.495	52246.76
548.741	52803.72
548.987	52821.63
549.233	52467.04
549.479	52366.75
549.725	52886.1
549.971	52069.47
550.217	52597.77
550.463	53000.72
550.708	52997.14
550.954	52565.54
551.2	52583.45
551.446	52610.31
551.691	53092.05
551.937	53444.85
552.183	53109.96
552.429	53136.83
552.674	52946.99
552.92	53437.69
553.165	53493.21
553.411	53077.73
553.657	53052.65
553.902	53767.21
554.148	53102.8
554.393	53577.38
554.639	53315.91
554.884	53597.08
555.13	53009.67
555.375	53020.42
555.621	53358.89
555.866	53697.37
556.112	52905.8
556.357	53665.13
556.602	53720.65
556.848	53847.8
557.093	53851.38
557.338	53777.96
557.584	53756.47
557.829	54007.19
558.074	53815.56
558.32	54111.06
558.565	54322.38
558.81	54010.77
559.055	53953.46
559.3	54422.67
559.546	54352.82
559.791	54272.24
560.036	54700.25
560.281	54091.36
560.526	54673.39
560.771	54487.14
561.016	54311.63
561.261	54528.33
561.506	54922.32
561.751	54780.84
561.996	54587.43
562.241	55391.53
562.486	54929.48
562.731	55001.12
562.976	55583.15
563.221	55020.82
563.466	55901.92
563.71	55441.67
563.955	55681.65
564.2	55626.13
564.445	56304.87
564.69	56333.52
564.934	56278.01
565.179	56516.19
565.424	56199.21
565.669	56372.92
565.913	56634.39
566.158	56980.03
566.403	56761.54
566.647	57094.64
566.892	57409.83
567.136	57089.27
567.381	57316.71
567.626	57003.31
567.87	57302.38
568.115	57567.43
568.359	57549.52
568.604	57613.99
568.848	57456.4
569.093	57692.79
569.337	57664.14
569.581	57698.16
569.826	57576.39
570.07	57759.05
570.315	57479.68
570.559	58092.16
570.803	57560.27
571.048	57642.65
571.292	57733.98
571.536	57494.01
571.78	57467.14
572.025	57703.54
572.269	57716.07
572.513	57768.01
572.757	57472.52
573.001	57671.3
573.245	57628.32
573.49	57945.3
573.734	57252.24
573.978	57655.18
574.222	57569.22
574.466	57665.93
574.71	57257.61
574.954	57567.43
575.198	57323.87
575.442	57384.76
575.686	57397.3
575.93	57286.26
576.174	57266.57
576.418	57485.05
576.661	57135.83
576.905	57596.09
577.149	57153.74
577.393	57635.48
577.637	57221.79
577.881	57522.66
578.124	57137.62
578.368	57291.64
578.612	57082.11
578.856	57429.53
579.099	57683.84
579.343	57545.94
579.587	57232.54
579.83	57889.79
580.074	57311.34
580.318	57442.07
580.561	57352.53
580.805	57262.98
581.048	57406.25
581.292	57288.06
581.535	57619.37
581.779	57481.47
582.022	57630.11
582.266	57515.5
582.509	57538.78
582.753	57198.51
582.996	57717.86
583.239	57576.39
583.483	57211.05
583.726	57793.08
583.969	57676.67
584.213	57202.09
584.456	57309.55
584.699	57735.77
584.943	57390.14
585.186	57227.17
585.429	57477.89
585.672	57739.35
585.915	57486.84
586.159	57187.77
586.402	57594.29
586.645	57486.84
586.888	57302.38
587.131	57605.04
587.374	57746.52
587.617	57418.79
587.86	57665.93
588.103	57456.4
588.346	57639.07
588.589	57714.28
588.832	57474.31
589.075	57418.79
589.318	57221.79
589.561	57463.56
589.804	57812.78
590.047	57237.91
590.29	57033.75
590.532	57361.48
590.775	57809.2
591.018	57348.95
591.261	57220
591.504	57748.31
591.746	57295.22
591.989	57472.52
592.232	57085.69
592.474	57289.85
592.717	57553.1
592.96	57384.76
593.202	57354.32
593.445	57411.63
593.688	57413.42
593.93	57334.62
594.173	57289.85
594.415	57255.82
594.658	57900.53
594.9	57597.88
595.143	57150.16
595.385	57689.21
595.628	57501.17
595.87	57436.7
596.112	57746.52
596.355	57508.33
596.597	57438.49
596.84	57504.75
597.082	57669.51
597.324	57836.06
597.567	57762.64
597.809	57699.96
598.051	57553.1
598.293	57957.84
598.536	58016.94
598.778	57907.7
599.02	58024.1
599.262	58355.41
599.504	57973.96
599.746	58246.17
599.988	58117.23
600.231	58332.13
600.473	58473.61
600.715	58450.33
600.957	58801.34
601.199	58575.69
601.441	58783.43
601.683	59069.97
601.925	59021.62
602.167	59189.96
602.409	58708.21
602.65	59496.2
602.892	59220.4
603.134	59666.33
603.376	59546.34
603.618	59558.88
603.86	59662.75
604.101	59976.15
604.343	59598.27
604.585	60045.99
604.827	59763.03
605.068	60194.63
605.31	60268.06
605.552	60316.41
605.794	60164.19
606.035	60291.34
606.277	60262.69
606.518	60529.53
606.76	60470.43
607.002	60563.55
607.243	60475.8
607.485	60472.22
607.726	60319.99
607.968	60572.51
608.209	60414.91
608.451	60594
608.692	60466.85
608.933	60518.78
609.175	60506.24
609.416	60552.81
609.658	60456.1
609.899	60513.41
610.14	60497.29
610.382	60536.69
610.623	60431.03
610.864	60465.05
611.105	60457.89
611.347	60472.22
611.588	60312.83
611.829	60294.92
612.07	60187.47
612.311	60423.86
612.553	60234.03
612.794	60217.91
613.035	60237.61
613.276	60140.91
613.517	59951.08
613.758	60103.3
613.999	60013.76
614.24	60083.6
614.481	59759.45
614.722	59929.59
614.963	59662.75
615.204	59578.58
615.445	59458.59
615.686	59551.71
615.927	59295.62
616.167	59410.23
616.408	59299.2
616.649	59010.87
616.89	59336.81
617.131	59061.01
617.372	59161.3
617.612	58865.81
617.853	58901.63
618.094	58477.19
618.334	58690.3
618.575	58633
618.816	58527.34
619.056	58527.34
619.297	58355.41
619.538	58536.29
619.778	58253.33
620.019	58287.36
620.259	58176.33
620.5	58076.04
620.74	57939.93
620.981	58213.93
621.221	58070.66
621.462	57886.21
621.702	57947.1
621.943	58133.35
622.183	57613.99
622.423	57771.59
622.664	57536.99
622.904	58050.97
623.144	57631.9
623.385	57834.27
623.625	57755.47
623.865	57862.92
624.105	57508.33
624.346	57596.09
624.586	57746.52
624.826	57535.2
625.066	57574.59
625.306	57719.65
625.546	57363.27
625.787	57674.88
626.027	57261.19
626.267	57828.9
626.507	57413.42
626.747	57268.36
626.987	57076.73
627.227	57313.13
627.467	57157.32
627.707	57060.62
627.947	56772.29
628.187	57150.16
628.427	57483.26
628.666	57289.85
628.906	57144.79
629.146	57391.93
629.386	56917.35
629.626	57033.75
629.866	57062.41
630.105	57033.75
630.345	56913.76
630.585	56969.28
630.825	57307.76
631.064	56935.25
631.304	57178.81
631.544	56777.66
631.783	56559.17
632.023	57128.67
632.262	56584.24
632.502	57071.36
632.742	56466.05
632.981	56829.59
633.221	56079.22
633.46	56985.4
633.7	56577.08
633.939	56532.31
634.179	56700.65
634.418	56543.06
634.657	56756.17
634.897	56537.68
635.136	56462.47
635.376	56700.65
635.615	56568.13
635.854	56433.81
636.094	56045.19
636.333	56140.11
636.572	56317.41
636.811	56140.11
637.051	56437.39
637.29	56197.42
637.529	55925.21
637.768	56172.35
638.007	56029.08
638.246	56213.54
638.486	56329.94
638.725	56623.64
638.964	55525.84
639.203	56292.33
639.442	55640.46
639.681	56521.56
639.92	55629.71
640.159	55980.72
640.398	56027.29
640.637	55927
640.876	55611.8
641.114	55810.59
641.353	55441.67
641.592	55300.19
641.831	55371.83
642.07	55987.89
642.309	55327.06
642.548	55901.92
642.786	55416.6
643.025	55695.97
643.264	55327.06
643.502	55318.1
643.741	55180.2
643.98	55631.5
644.219	55359.29
644.457	55285.87
644.696	55450.63
644.934	55173.04
645.173	55233.93
645.412	55276.91
645.65	54936.65
645.889	54997.54
646.127	54990.37
646.366	55482.86
646.604	55027.98
646.842	55348.55
647.081	55192.74
647.319	54988.58
647.558	54888.29
647.796	55581.36
648.034	55085.29
648.273	54882.92
648.511	54401.18
648.749	55382.57
648.988	54685.93
649.226	54911.57
649.464	54429.83
649.702	55070.96
649.941	54633.99
650.179	54406.55
650.417	54702.04
650.655	54680.55
650.893	54578.47
651.131	54327.75
651.369	54263.28
651.607	54852.48
651.845	54515.79
652.083	54628.62
652.321	53894.36
652.559	54703.83
652.797	54096.73
653.035	54125.38
653.273	54359.99
653.511	54132.55
653.749	53777.96
653.987	53951.67
654.225	53815.56
654.463	54240
654.701	53869.29
654.938	54261.49
655.176	53777.96
655.414	54114.64
655.652	54166.57
655.889	53822.73
656.127	53260.4
656.365	54315.22
656.602	53355.31
656.84	53634.69
657.078	53541.56
657.315	53761.84
657.553	53165.48
657.79	53143.99
658.028	53351.73
658.266	53262.19
658.503	53403.66
658.741	53489.63
658.978	53034.75
659.215	53482.46
659.453	53204.88
659.69	52841.33
659.928	53256.81
660.165	52760.74
660.402	52712.39
660.64	53183.39
660.877	52538.68
661.114	53022.21
661.352	52595.98
661.589	52714.18
661.826	52298.7
662.063	53040.12
662.301	52823.42
662.538	52674.78
662.775	52425.85
663.012	52698.06
663.249	52076.63
663.486	52368.54
663.723	52219.9
663.961	52943.41
664.198	52227.06
664.435	52193.04
664.672	52352.43
664.909	52601.36
665.146	51895.75
665.383	52422.27
665.619	51799.05
665.856	52119.61
666.093	51856.36
666.33	51356.7
666.567	51877.85
666.804	51967.39
667.041	51913.66
667.278	51970.97
667.514	52126.78
667.751	52053.35
667.988	51145.38
668.225	51795.47
668.461	51759.65
668.698	51376.4
668.935	51743.53
669.171	51820.54
669.408	51378.19
669.644	51883.22
669.881	51730.99
670.118	51510.72
670.354	51551.91
670.591	51542.95
670.827	51075.54
671.064	51593.1
671.3	51390.73
671.537	50991.37
671.773	50701.25
672.01	50513.2
672.246	51170.45
672.482	51054.05
672.719	50934.06
672.955	51043.3
673.191	50529.32
673.428	50769.3
673.664	50180.1
673.9	51639.66
674.136	50142.5
674.373	50835.56
674.609	50203.38
674.845	50656.47
675.081	50520.37
675.317	50842.72
675.553	50747.81
675.79	50643.94
676.026	50257.11
676.262	50493.51
676.498	50246.37
676.734	50318
676.97	50355.61
677.206	50634.98
677.442	49427.94
677.678	49834.47
677.914	49870.28
678.15	50414.71
678.386	49676.87
678.621	49886.4
678.857	49639.26
679.093	49707.31
679.329	49066.18
679.565	50026.09
679.8	49524.65
680.036	49780.74
680.272	49341.98
680.508	49411.82
680.743	49211.24
680.979	49737.76
681.215	48505.64
681.45	49016.04
681.686	48708.01
681.922	49424.36
682.157	49021.41
682.393	48967.69
682.628	48376.7
682.864	48634.58
683.099	49193.34
683.335	48688.31
683.57	48546.83
683.806	48759.95
684.041	48498.48
684.277	48645.33
684.512	48550.41
684.747	48776.06
684.983	48607.72
685.218	48631
685.453	48127.77
685.689	48634.58
685.924	47812.58
686.159	48348.05
686.394	48127.77
686.63	48068.67
686.865	47936.15
687.1	48337.3
687.335	47678.26
687.57	47896.75
687.806	47878.84
688.041	47830.49
688.276	47748.11
688.511	48371.33
688.746	47445.45
688.981	47719.45
689.216	47196.52
689.451	47742.73
689.686	46807.9
689.921	48219.1
690.156	47173.24
690.391	46829.39
690.625	47769.6
690.86	47449.03
691.095	47237.71
691.33	47083.69
691.565	46646.72
691.8	47384.56
692.034	46738.06
692.269	46464.05
692.504	46644.93
692.739	46845.51
692.973	46333.32
693.208	46875.95
693.443	46467.64
693.677	46635.98
693.912	46593
694.146	46591.21
694.381	46605.53
694.616	45971.57
694.85	46682.54
695.085	46338.69
695.319	45720.84
695.554	46505.24
695.788	46345.86
696.023	45792.48
696.257	45867.69
696.491	46062.9
696.726	45459.38
696.96	46136.32
697.194	45690.4
697.429	46172.14
697.663	45504.15
697.897	46161.4
698.132	45747.71
698.366	45697.56
698.6	45747.71
698.834	45826.5
699.068	45369.83
699.303	45643.84
699.537	45110.16
699.771	45271.34
700.005	45278.5
700.239	45765.62
700.473	45043.9
700.707	45163.88
700.941	45108.37
701.175	44950.77
701.409	44700.05
701.643	45004.5
701.877	44603.34
702.111	44753.78
702.345	44263.08
702.579	45233.73
702.813	44311.43
703.047	44637.37
703.281	44304.27
703.514	44126.97
703.748	44515.59
703.982	44141.3
704.216	44469.03
704.449	44238.01
704.683	43475.1
704.917	43971.17
705.15	43639.86
705.384	44130.55
705.618	43158.11
705.851	44270.24
706.085	43394.51
706.319	43675.67
706.552	43315.71
706.786	43693.58
707.019	43385.55
707.253	43600.46
707.486	42790.98
707.72	43202.88
707.953	43441.07
708.187	43663.14
708.42	43168.86
708.653	43043.5
708.887	42687.11
709.12	43387.34
709.353	43236.91
709.587	43215.42
709.82	42859.04
710.053	42919.93
710.286	42232.23
710.52	42404.16
710.753	42941.42
710.986	42593.99
711.219	42223.28
711.452	42893.06
711.686	41718.26
711.919	42237.61
712.152	41874.06
712.385	42416.69
712.618	42393.41
712.851	42705.02
713.084	41904.51
713.317	42105.08
713.55	41592.89
713.783	42282.38
714.016	41850.78
714.249	41229.35
714.482	41626.92
714.714	41832.87
714.947	41868.69
715.18	41607.22
715.413	41213.23
715.646	41566.03
715.878	41218.6
716.111	41064.59
716.344	40994.74
716.577	41392.32
716.809	40328.54
717.042	40788.79
717.275	40489.72
717.507	40849.68
717.74	40604.34
717.973	40760.14
718.205	40083.19
718.438	40650.9
718.67	40271.23
718.903	40002.6
719.135	40083.19
719.368	40486.14
719.6	39717.86
719.833	40169.15
720.065	39536.98
720.297	39909.48
720.53	39517.28
720.762	39694.57
720.995	39472.51
721.227	39325.66
721.459	39257.6
721.691	39587.12
721.924	39150.15
722.156	39368.64
722.388	38632.59
722.62	38784.81
722.853	38634.38
723.085	39121.5
723.317	38618.26
723.549	38800.93
723.781	38466.04
724.013	38372.91
724.245	38448.13
724.477	37959.22
724.709	37964.6
724.941	38496.48
725.173	37934.15
725.405	38036.23
725.637	38131.15
725.869	37880.43
726.101	37565.23
726.333	38340.68
726.565	37894.75
726.797	38238.6
727.028	37690.59
727.26	37604.63
727.492	37731.78
727.724	37772.97
727.956	37447.04
728.187	37796.26
728.419	36965.29
728.651	37549.12
728.882	37160.5
729.114	37241.09
729.346	37255.41
729.577	36947.38
729.809	37092.44
730.04	36907.99
730.272	36644.73
730.503	37285.86
730.735	36712.78
730.966	37224.97
731.198	36818.44
731.429	36678.75
731.661	36282.97
731.892	36676.96
732.124	36610.7
732.355	36881.12
732.586	36406.54
732.818	36458.48
733.049	36333.12
733.28	36268.65
733.512	36084.19
733.743	36442.36
733.974	35901.52
734.205	36243.57
734.436	36046.58
734.668	36012.55
734.899	35521.85
735.13	35899.73
735.361	35711.69
735.592	36225.66
735.823	35181.59
736.054	36089.56
736.285	35700.94
736.516	35768.99
736.747	35391.12
736.978	35822.72
737.209	35269.34
737.44	35484.25
737.671	35346.35
737.902	35160.1
738.133	35505.74
738.364	35511.11
738.594	34869.98
738.825	35518.27
739.056	34683.73
739.287	34884.31
739.518	34837.74
739.748	34875.35
739.979	34895.05
740.21	34939.82
740.44	33926.19
740.671	34898.63
740.902	33902.91
741.132	34472.41
741.363	34304.06
741.593	34112.44
741.824	33793.67
742.055	34384.65
742.285	34146.47
742.516	34012.15
742.746	33571.6
742.976	34390.03
743.207	33997.83
743.437	34470.61
743.668	34359.58
743.898	34089.16
744.128	33858.14
744.359	33782.92
744.589	33754.27
744.819	34744.62
745.05	33893.96
745.28	34218.1
745.51	34108.86
745.74	34588.81
745.971	34049.76
746.201	34422.26
746.431	34083.79
746.661	34096.32
746.891	33852.77
747.121	34160.79
747.351	34554.79
747.581	34416.89
747.811	34130.35
748.041	34398.98
748.271	34585.23
748.501	34216.31
748.731	34630
748.961	34540.46
749.191	34058.72
749.421	34689.1
749.651	34246.76
749.881	34289.74
750.111	34345.25
750.34	34776.85
750.57	34440.17
750.8	34800.13
751.03	34008.57
751.259	34898.63
751.489	33793.67
751.719	34116.02
751.949	33915.45
752.178	34225.27
752.408	34191.24
752.637	34071.25
752.867	33777.55
753.097	33831.28
753.326	33435.49
753.556	33618.16
753.785	33612.79
754.015	33573.39
754.244	33467.73
754.474	33559.06
754.703	33367.44
754.932	33390.72
755.162	32765.71
755.391	33754.27
755.621	32801.53
755.85	32934.05
756.079	32860.63
756.309	33152.54
756.538	32375.3
756.767	33023.59
756.996	32674.37
757.225	32631.39
757.455	32540.06
757.684	32556.18
757.913	32275.01
758.142	32033.24
758.371	32083.39
758.6	32459.47
758.829	31508.52
759.058	31793.27
759.287	31641.04
759.516	31866.69
759.745	31725.22
759.974	31864.9
760.203	31001.7
760.432	31368.83
760.661	31277.5
760.89	31200.49
761.119	31112.74
761.348	30903.21
761.577	30681.14
761.805	30847.69
762.034	30210.14
762.263	30543.24
762.492	30398.18
762.721	30462.65
762.949	30299.68
763.178	30331.92
763.407	29800.03
763.635	30106.27
763.864	29665.72
764.092	30197.61
764.321	29558.27
764.55	29434.7
764.778	29588.71
765.007	29751.68
765.235	29400.67
765.464	29561.85
765.692	28969.07
765.921	29715.86
766.149	29185.77
766.377	29422.16
766.606	28850.87
766.834	29291.43
767.062	29128.46
767.291	29074.73
767.519	28716.56
767.747	28644.92
767.976	28410.32
768.204	28566.13
768.432	28170.34
768.66	28553.59
768.889	28059.31
769.117	28657.46
769.345	28098.71
769.573	27996.63
769.801	27729.79
770.029	28295.7
770.257	27380.57
770.485	28096.92
770.713	27638.46
770.941	28310.03
771.169	27432.51
771.397	27745.91
771.625	27248.05
771.853	27344.75
772.081	27199.69
772.309	27437.88
772.537	27176.41
772.765	27253.42
772.992	26789.58
773.22	27034.93
773.448	27151.34
773.676	27049.26
773.903	26703.62
774.131	26984.79
774.359	26673.18
774.586	26700.04
774.814	26694.67
775.042	26680.34
775.269	26533.49
775.497	26556.77
775.725	26370.52
775.952	26542.45
776.18	25758.05
776.407	26261.28
776.635	25786.7
776.862	25901.31
777.09	25747.3
777.317	26092.94
777.544	25634.48
777.772	25827.89
777.999	25706.11
778.227	25557.47
778.454	25535.98
778.681	25736.55
778.908	25493
779.136	25711.48
779.363	25269.14
779.59	25304.96
779.817	24910.96
780.045	25466.13
780.272	24859.03
780.499	25263.77
780.726	24898.43
780.953	24944.99
781.18	24631.59
781.407	24909.17
781.634	24739.04
781.861	25014.84
782.088	24314.61
782.315	24551
782.542	24536.67
782.769	24633.38
782.996	24334.31
783.223	24457.88
783.45	24694.27
783.677	24307.44
783.904	24327.14
784.13	23965.39
784.357	24028.07
784.584	24078.21
784.811	23945.69
785.038	24409.52
785.264	23766.6
785.491	23884.8
785.718	23515.88
785.944	23489.02
786.171	23361.86
786.398	23549.91
786.624	23293.81
786.851	23700.34
787.077	23223.97
787.304	23086.07
787.53	23089.65
787.757	23098.61
787.983	22874.75
788.21	23259.79
788.436	22733.27
788.663	22939.22
788.889	22416.29
789.115	22670.59
789.342	22829.98
789.568	22645.52
789.794	22409.12
790.021	22341.07
790.247	22260.48
790.473	22496.88
790.699	22387.63
790.926	22262.27
791.152	21913.05
791.378	22294.51
791.604	21889.77
791.83	22398.38
792.056	21945.29
792.282	22371.52
792.508	21725.01
792.735	21945.29
792.961	21529.81
793.187	21893.35
793.413	21741.13
793.638	21726.8
793.864	21212.82
794.09	21442.05
794.316	21528.02
794.542	21612.19
794.768	21279.09
794.994	21395.49
795.22	20922.7
795.445	21302.37
795.671	20691.68
795.897	21477.87
796.123	21092.84
796.348	20688.1
796.574	20781.22
796.8	20593.18
797.025	20872.56
797.251	20736.45
797.477	20623.63
797.702	20759.73
797.928	20290.53
798.153	20498.27
798.379	20577.07
798.604	20498.27
798.83	20451.71
799.055	20152.63
799.281	20403.35
799.506	20131.14
799.732	19955.63
799.957	20226.06
800.182	19969.96
800.408	20303.06
800.633	20073.83
800.858	20197.4
801.084	19787.29
801.309	19939.52
801.534	19837.44
801.759	19866.09
801.985	19633.28
802.21	19969.96
802.435	19805.2
802.66	19776.55
802.885	19443.45
803.11	19567.02
803.335	19767.59
803.561	19685.21
803.786	19359.28
804.011	19490.01
804.236	19167.65
804.461	19522.25
804.685	19201.68
804.91	19303.76
805.135	19051.25
805.36	19710.29
805.585	18895.44
805.81	19429.12
806.035	18710.98
806.26	19167.65
806.484	18666.21
806.709	19119.3
806.934	19020.8
807.159	18965.29
807.383	18585.62
807.608	18560.55
807.833	18549.8
808.057	18791.57
808.282	18254.31
808.507	18347.44
808.731	18302.66
808.956	18411.91
809.18	18085.97
809.405	18465.63
809.629	18175.51
809.854	18116.41
810.078	17756.45
810.303	18073.43
810.527	18094.92
810.751	18071.64
810.976	17668.7
811.2	17786.89
811.425	17754.66
811.649	17794.06
811.873	17518.26
812.097	17552.29
812.322	17425.14
812.546	17537.96
812.77	17178
812.994	17319.48
813.219	17015.03
813.443	16975.63
813.667	16914.74
813.891	17156.51
814.115	16952.35
814.339	16832.36
814.563	16769.68
814.787	16853.85
815.011	16848.48
815.235	16764.31
815.459	16791.17
815.683	16504.63
815.907	16601.34
816.131	16712.37
816.355	16492.1
816.579	16228.84
816.802	16386.44
817.026	16689.09
817.25	16257.49
817.474	16338.08
817.698	15904.69
817.921	16055.13
818.145	15788.29
818.369	15972.75
818.592	15870.67
818.816	16112.43
819.04	15868.88
819.263	15784.7
819.487	15759.63
819.71	15582.34
819.934	15478.47
820.158	15675.46
820.381	15621.74
820.605	15738.14
820.828	15392.5
821.051	15365.64
821.275	15453.39
821.498	15301.17
821.722	15290.43
821.945	15390.71
822.168	15286.84
822.392	15245.65
822.615	15261.77
822.838	15277.89
823.061	15256.4
823.285	15068.36
823.508	15134.62
823.731	15030.75
823.954	14831.96
824.177	15071.94
824.401	15002.1
824.624	14814.05
824.847	14651.09
825.07	14765.7
825.293	14352.01
825.516	14661.83
825.739	14208.74
825.962	14489.91
826.185	14386.04
826.408	14317.98
826.631	14172.92
826.854	14389.62
827.077	14226.65
827.299	14461.25
827.522	14169.34
827.745	14289.33
827.968	13979.51
828.191	14155.02
828.413	13882.8
828.636	13922.2
828.859	13789.68
829.082	14081.59
829.304	13746.7
829.527	14194.41
829.75	13662.53
829.972	13825.5
830.195	13528.21
830.417	13721.63
830.64	13393.9
830.862	13626.71
831.085	13327.63
831.307	13418.97
831.53	13333.01
831.752	13556.87
831.975	13386.73
832.197	13333.01
832.42	13264.95
832.642	13343.75
832.864	13282.86
833.087	13359.87
833.309	13042.89
833.531	13073.33
833.753	13116.31
833.976	13307.94
834.198	12862.01
834.42	13112.73
834.642	13033.93
834.864	12958.72
835.086	12808.28
835.309	13071.54
835.531	12720.53
835.753	12699.04
835.975	12879.92
836.197	12768.88
836.419	12629.2
836.641	12643.52
836.863	12317.59
837.085	12543.23
837.307	12638.15
837.529	12607.71
837.75	12142.08
837.972	12462.65
838.194	12220.88
838.416	12265.65
838.638	11962.99
838.859	12407.13
839.081	12095.52
839.303	12059.7
839.525	12115.22
839.746	12174.32
839.968	11980.9
840.19	12072.24
840.411	11825.1
840.633	11896.73
840.855	11774.95
841.076	11857.33
841.298	11846.59
841.519	11927.18
841.741	11898.52
841.962	11533.19
842.184	11570.79
842.405	11737.34
842.626	11303.95
842.848	11766
843.069	11311.12
843.291	11391.71
843.512	11252.02
843.733	11425.73
843.955	11115.91
844.176	11436.48
844.397	11269.93
844.618	11332.61
844.839	11411.41
845.061	11175.01
845.282	11162.48
845.503	10926.08
845.724	11071.14
845.945	10999.51
846.166	10988.76
846.387	10986.97
846.608	11033.53
846.829	11130.24
847.05	10775.65
847.271	11021
847.492	10644.92
847.713	10793.56
847.934	10634.17
848.155	10725.5
848.376	10768.49
848.597	10766.69
848.818	10705.81
849.038	10661.03
849.259	10388.82
849.48	10499.86
849.701	10175.71
849.921	10567.91
850.142	10474.78
850.363	10374.49
850.584	10311.81
850.804	10471.2
851.025	10073.63
851.245	10288.53
851.466	9941.1
851.687	10320.77
851.907	10132.73
852.128	10098.7
852.348	10113.03
852.569	9996.62
852.789	9813.95
853.009	10030.65
853.23	9996.62
853.45	9982.29
853.671	10012.74
853.891	9828.28
854.111	9815.74
854.332	9586.51
854.552	9719.04
854.772	9921.41
854.992	9430.71
855.213	9783.51
855.433	9511.3
855.653	9624.12
855.873	9334
856.093	9640.24
856.313	9541.74
856.533	9738.74
856.753	9518.46
856.974	9591.89
857.194	9384.14
857.414	9283.86
857.634	9339.37
857.854	9516.67
858.073	9068.95
858.293	9316.09
858.513	9201.48
858.733	9086.86
858.953	9017.02
859.173	9287.44
859.393	9060
859.612	9135.21
859.832	8895.24
860.052	9126.26
860.272	9009.85
860.491	9025.97
860.711	8630.19
860.931	9176.4
861.15	9029.55
861.37	8965.08
861.59	8846.88
861.809	8739.43
862.029	8900.61
862.248	8916.73
862.468	9017.02
862.687	8807.49
862.907	8646.31
863.126	8977.62
863.346	8811.07
863.565	8621.24
863.785	8863
864.004	8581.84
864.223	8440.36
864.443	8520.95
864.662	8461.85
864.881	8465.43
865.1	8370.51
865.32	8400.96
865.539	8415.29
865.758	8494.08
865.977	8384.84
866.196	8203.96
866.416	8073.23
866.635	8313.21
866.854	8073.23
867.073	8350.81
867.292	7892.35
867.511	8259.48
867.73	7906.68
867.949	8026.67
868.168	7976.52
868.387	8076.81
868.606	7965.78
868.825	7765.2
869.044	8028.46
869.262	7963.99
869.481	7566.41
869.7	7668.49
869.919	7808.18
870.138	7883.4
870.356	7643.42
870.575	7903.1
870.794	7817.14
871.013	7460.75
871.231	7448.22
871.45	7686.4
871.668	7487.62
871.887	7792.06
872.106	7458.96
872.324	7500.15
872.543	7586.11
872.761	7724.01
872.98	7245.85
873.198	7308.53
873.417	7288.83
873.635	7331.81
873.854	7208.24
874.072	7211.82
874.29	7330.02
874.509	7072.14
874.727	7133.02
874.945	7290.62
875.164	7016.62
875.382	7229.73
875.6	7011.25
875.818	7324.65
876.037	7167.05
876.255	7064.97
876.473	6946.77
876.691	6891.26
876.909	6885.88
877.127	7007.66
877.345	7197.5
877.563	6884.09
877.781	6780.22
877.999	6799.92
878.217	6846.49
878.435	6511.59
878.653	6776.64
878.871	6742.62
879.089	6595.76
879.307	6561.74
879.525	6411.31
879.743	6687.1
879.96	6452.5
880.178	6379.07
880.396	6439.96
880.614	6733.66
880.832	6388.02
881.049	6536.67
881.267	6276.99
881.485	6128.35
881.702	6131.93
881.92	6321.76
882.137	6130.14
882.355	6169.54
882.573	6180.28
882.79	6214.31
883.008	6029.85
883.225	6028.06
883.443	6033.43
883.66	6092.53
883.877	5886.58
884.095	6110.44
884.312	6112.23
884.53	6133.72
884.747	5850.76
884.964	6071.04
885.182	6085.37
885.399	5893.74
885.616	5868.67
885.833	5949.26
886.051	5897.33
886.268	5797.04
886.485	5942.1
886.702	5972.54
886.919	5718.24
887.136	5746.89
887.353	5832.85
887.57	5711.08
887.788	5734.36
888.005	5589.3
888.222	5535.57
888.439	5761.22
888.655	5560.64
888.872	5496.17
889.089	5578.55
889.306	5540.94
889.523	5779.13
889.74	5736.15
889.957	5557.06
890.174	5630.49
890.39	5650.19
890.607	5444.24
890.824	5619.74
891.041	5537.36
891.257	5465.73
891.474	5512.29
891.691	5408.42
891.907	5628.7
892.124	5447.82
892.34	5573.18
892.557	5628.7
892.774	5766.59
892.99	5626.91
893.207	5728.98
893.423	5537.36
893.64	5820.32
893.856	5540.94
894.072	5779.13
894.289	5798.83
894.505	5651.98
894.722	5603.62
894.938	5822.11
895.154	5730.78
895.37	5678.84
895.587	5956.42
895.803	5850.76
896.019	5766.59
896.235	6146.26
896.452	5909.86
896.668	5836.44
896.884	6045.97
897.1	6017.31
897.316	5945.68
897.532	6185.66
897.748	6020.9
897.964	6189.24
898.18	6081.79
898.396	6131.93
898.612	6198.19
898.828	6180.28
899.044	6325.34
899.26	6515.18
899.476	6185.66
899.692	6527.71
899.908	6096.11
900.123	6350.42
900.339	6262.66
900.555	6624.42
900.771	6302.06
900.986	6235.8
901.202	6352.21
901.418	6495.48
901.633	6275.2
901.849	6425.63
902.065	6431
902.28	6371.91
902.496	6321.76
902.711	6411.31
902.927	6192.82
903.143	6293.11
903.358	6047.76
903.573	6115.81
903.789	6174.91
904.004	6151.63
904.22	6083.58
904.435	5940.31
904.651	6085.37
904.866	5895.54
905.081	5802.41
905.296	5965.38
905.512	5811.36
905.727	5750.48
905.942	5587.51
906.157	5630.49
906.373	5626.91
906.588	5678.84
906.803	5422.75
907.018	5505.13
907.233	5497.96
907.448	5406.63
907.663	5157.7
907.878	5272.31
908.093	5309.92
908.308	5188.14
908.523	4939.21
908.738	5103.97
908.953	4853.25
909.168	4966.08
909.383	4844.3
909.598	4944.58
909.813	4951.75
910.027	4973.24
910.242	4736.84
910.457	4783.41
910.672	4582.83
910.887	4521.94
911.101	4521.94
911.316	4439.56
911.531	4548.8
911.745	4491.5
911.96	4350.02
912.174	4446.72
912.389	4330.32
912.604	4323.15
912.818	4265.85
913.033	4271.22
913.247	4072.43
913.462	4153.02
913.676	4038.41
913.89	4167.35
914.105	3959.61
914.319	4131.53
914.534	4033.03
914.748	3954.24
914.962	3832.46
915.177	4086.76
915.391	3750.08
915.605	3954.24
915.819	3742.91
916.034	3954.24
916.248	3755.45
916.462	3898.72
916.676	3771.57
916.89	3802.01
917.104	3549.5
917.318	3716.05
917.532	3669.49
917.746	3802.01
917.96	3603.23
918.174	3533.38
918.388	3685.61
918.602	3569.2
918.816	3316.69
919.03	3481.45
919.244	3579.94
919.458	3379.37
919.672	3386.53
919.886	3477.86
920.099	3499.35
920.313	3395.48
920.527	3359.67
920.741	3399.07
920.954	3404.44
921.168	3357.88
921.382	3248.63
921.595	3377.58
921.809	3214.61
922.023	3468.91
922.236	3119.69
922.45	3125.06
922.663	3142.97
922.877	3295.2
923.09	3282.66
923.304	3175.21
923.517	3132.23
923.731	3069.55
923.944	3062.38
924.157	3085.66
924.371	2992.54
924.584	2967.47
924.797	2945.98
925.011	2985.38
925.224	3005.08
925.437	2915.53
925.65	2945.98
925.864	2920.9
926.077	2800.92
926.29	2913.74
926.503	2937.02
926.716	2906.58
926.929	2851.06
927.142	2818.83
927.355	2783.01
927.568	2790.17
927.781	2843.9
927.994	2761.52
928.207	2809.87
928.42	2770.47
928.633	2813.45
928.846	2732.86
929.059	2695.26
929.272	2720.33
929.485	2825.99
929.697	2621.83
929.91	2648.69
930.123	2616.46
930.336	2568.1
930.549	2745.4
930.761	2535.87
930.974	2467.82
931.187	2555.57
931.399	2620.04
931.612	2476.77
931.824	2389.02
932.037	2473.19
932.249	2560.94
932.462	2474.98
932.675	2464.23
932.887	2397.97
933.099	2283.36
933.312	2344.25
933.524	2440.95
933.737	2288.73
933.949	2328.13
934.161	2249.33
934.374	2258.28
934.586	2277.98
934.798	2383.64
935.011	2109.64
935.223	2367.53
935.435	2150.83
935.647	2106.06
935.859	2002.19
936.072	1975.33
936.284	2115.01
936.496	2050.54
936.708	2009.35
936.92	1957.42
937.132	1919.81
937.344	2029.05
937.556	2000.4
937.768	1964.58
937.98	1935.93
938.192	1955.63
938.404	1892.95
938.616	1792.66
938.828	1968.16
939.039	1832.06
939.251	1733.56
939.463	1667.3
939.675	1724.61
939.887	1808.78
940.098	1672.67
940.31	1550.89
940.522	1626.11
940.733	1687
940.945	1491.79
941.157	1531.19
941.368	1484.63
941.58	1618.94
941.791	1463.14
942.003	1330.61
942.214	1468.51
942.426	1391.5
942.637	1432.69
942.849	1334.2
943.06	1382.55
943.272	1368.22
943.483	1402.25
943.694	1378.97
943.906	1233.91
944.117	1318.08
944.328	1239.28
944.54	1300.17
944.751	1327.03
944.962	1155.11
945.173	1278.68
945.384	1232.12
945.596	1237.49
945.807	1316.29
946.018	1258.98
946.229	1033.33
946.44	1178.39
946.651	1207.04
946.862	1210.63
947.073	1260.77
947.284	1101.38
947.495	1169.44
947.706	1219.58
947.917	1275.1
948.128	1278.68
948.339	1106.76
948.549	1276.89
948.76	1187.35
948.971	1128.25
949.182	1287.63
949.393	1226.74
949.603	1083.47
949.814	1138.99
950.025	1198.09
950.235	1149.74
950.446	1219.58
950.657	1223.16
950.867	1149.74
951.078	1069.15
951.288	1176.6
951.499	1112.13
951.709	1271.52
951.92	1155.11
952.13	1162.27
952.341	1155.11
952.551	1201.67
952.762	1194.51
952.972	1230.33
953.182	1112.13
953.393	1327.03
953.603	1203.46
953.813	1207.04
954.024	1063.78
954.234	1330.61
954.444	1194.51
954.654	1124.66
954.865	1122.87
955.075	1370.01
955.285	1436.28
955.495	1217.79
955.705	1124.66
955.915	1293.01
956.125	1237.49
956.335	1273.31
956.545	1096.01
956.755	1296.59
956.965	1223.16
957.175	1328.82
957.385	1228.54
957.595	1278.68
957.805	1314.5
958.015	1364.64
958.224	1216
958.434	1294.8
958.644	1101.38
958.854	1280.47
959.064	1219.58
959.273	1285.84
959.483	1246.44
959.693	1192.72
959.902	1178.39
960.112	1180.18
960.322	1248.23
960.531	1153.32
960.741	1294.8
960.95	1251.82
961.16	1278.68
961.369	1223.16
961.579	1181.97
961.788	1164.06
961.998	1164.06
962.207	1427.32
962.416	1088.85
962.626	1196.3
962.835	1169.44
963.044	1183.76
963.254	1248.23
963.463	1117.5
963.672	1106.76
963.881	1233.91
964.091	1287.63
964.3	1144.36
964.509	1160.48
964.718	1223.16
964.927	1173.02
965.136	1164.06
965.345	1232.12
965.554	1113.92
965.763	1113.92
965.972	1181.97
966.181	1280.47
966.39	1210.63
966.599	1319.87
966.808	1233.91
967.017	1199.88
967.226	1128.25
967.435	1103.17
967.644	1112.13
967.852	1291.22
968.061	1205.25
968.27	1115.71
968.479	1088.85
968.687	1244.65
968.896	1083.47
969.105	1026.17
969.313	1081.68
969.522	1110.34
969.731	1221.37
969.939	1223.16
970.148	1162.27
970.356	1203.46
970.565	1146.16
970.773	1104.97
970.982	1106.76
971.19	990.35
971.399	1035.12
971.607	1092.43
971.815	1094.22
972.024	1212.42
972.232	1079.89
972.44	1008.26
972.649	1083.47
972.857	1099.59
973.065	1097.8
973.273	1092.43
973.482	984.98
973.69	976.02
973.898	1044.08
974.106	1040.49
974.314	965.28
974.522	1165.85
974.73	1069.15
974.938	1042.28
975.146	1029.75
975.354	1138.99
975.562	1085.27
975.77	1011.84
975.978	936.62
976.186	988.56
976.394	1070.94
976.602	1058.4
976.81	961.7
977.018	1017.21
977.225	1024.38
977.433	968.86
977.641	1085.27
977.849	965.28
978.056	981.4
978.264	924.09
978.472	976.02
978.679	965.28
978.887	942
979.094	1060.19
979.302	1031.54
979.51	868.57
979.717	931.25
979.925	933.04
980.132	1031.54
980.339	942
980.547	1001.09
980.754	891.85
980.962	972.44
981.169	967.07
981.376	911.55
981.584	870.36
981.791	993.93
981.998	809.47
982.206	891.85
982.413	929.46
982.62	925.88
982.827	770.07
983.034	992.14
983.242	743.21
983.449	963.49
983.656	825.59
983.863	979.6
984.07	843.5
984.277	859.62
984.484	839.92
984.691	890.06
984.898	884.69
985.105	741.42
985.312	605.31
985.519	804.1
985.725	807.68
985.932	850.66
986.139	796.94
986.346	915.13
986.553	868.57
986.759	795.15
986.966	830.96
987.173	890.06
987.38	830.96
987.586	832.75
987.793	848.87
988	816.64
988.206	721.72
988.413	795.15
988.619	725.3
988.826	825.59
989.032	934.83
989.239	884.69
989.445	784.4
989.652	822.01
989.858	678.74
990.064	786.19
990.271	689.48
990.477	718.14
990.684	752.16
990.89	838.13
991.096	777.24
991.302	739.63
991.509	621.43
991.715	723.51
991.921	651.88
992.127	753.96
992.333	671.58
992.539	773.65
992.746	727.09
992.952	719.93
993.158	703.81
993.364	755.75
993.57	590.99
993.776	614.27
993.982	743.21
994.188	789.77
994.394	567.7
994.599	703.81
994.805	691.27
995.011	612.48
995.217	642.92
995.423	625.01
995.629	700.23
995.834	646.5
996.04	657.25
996.246	583.82
996.452	653.67
996.657	598.15
996.863	564.12
997.068	723.51
997.274	614.27
997.48	682.32
997.685	660.83
997.891	608.89
998.096	601.73
998.302	598.15
998.507	610.69
998.713	700.23
998.918	619.64
999.123	633.97
999.329	635.76
999.534	492.49
999.74	512.19
999.945	499.65
1000.15	531.89
1000.355	519.35
1000.561	669.78
1000.766	531.89
1000.971	537.26
1001.176	539.05
1001.381	703.81
1001.586	560.54
1001.792	553.38
1001.997	569.5
1002.202	567.7
1002.407	585.61
1002.612	531.89
1002.817	549.8
1003.022	467.42
1003.227	664.41
1003.432	544.42
1003.637	549.8
1003.841	537.26
1004.046	453.09
1004.251	408.32
1004.456	479.95
1004.661	562.33
1004.865	436.97
1005.07	582.03
1005.275	630.39
1005.48	433.39
1005.684	592.78
1005.889	429.81
1006.094	488.91
1006.298	408.32
1006.503	478.16
1006.707	501.44
1006.912	519.35
1007.116	435.18
1007.321	497.86
1007.525	590.99
1007.73	411.9
1007.934	363.55
1008.139	454.88
1008.343	478.16
1008.547	424.44
1008.752	442.34
1008.956	565.91
1009.16	456.67
1009.364	444.14
1009.569	546.21
1009.773	519.35
1009.977	390.41
1010.181	397.57
1010.385	458.46
1010.589	406.53
1010.794	413.69
1010.998	485.33
1011.202	517.56
1011.406	483.53
1011.61	343.85
1011.814	361.76
1012.018	458.46
1012.222	395.78
1012.426	395.78
1012.629	415.48
1012.833	474.58
1013.037	318.77
1013.241	316.98
1013.445	356.38
1013.649	354.59
1013.852	435.18
1014.056	316.98
1014.26	295.49
1014.463	397.57
1014.667	420.85
1014.871	383.25
1015.074	359.96
1015.278	381.45
1015.482	291.91
1015.685	469.21
1015.889	402.95
1016.092	320.57
1016.296	270.42
1016.499	347.43
1016.703	453.09
1016.906	306.24
1017.109	336.68
1017.313	365.34
1017.516	356.38
1017.719	331.31
1017.923	325.94
1018.126	279.38
1018.329	462.04
1018.532	340.26
1018.736	399.36
1018.939	460.25
1019.142	354.59
1019.345	334.89
1019.548	363.55
1019.751	361.76
1019.954	359.96
1020.157	342.06
1020.361	286.54
1020.564	286.54
1020.766	259.68
1020.969	492.49
1021.172	354.59
1021.375	200.58
1021.578	232.81
1021.781	374.29
1021.984	257.88
1022.187	374.29
1022.389	347.43
1022.592	313.4
1022.795	320.57
1022.998	236.39
1023.2	270.42
1023.403	248.93
1023.606	293.7
1023.808	265.05
1024.011	333.1
1024.214	179.09
1024.416	433.39
1024.619	265.05
1024.821	254.3
1025.024	281.17
1025.226	268.63
1025.429	220.28
1025.631	304.45
1025.833	352.8
1026.036	288.33
1026.238	241.77
1026.441	186.25
1026.643	356.38
1026.845	220.28
1027.047	291.91
1027.25	225.65
1027.452	247.14
1027.654	343.85
1027.856	121.78
1028.058	250.72
1028.261	241.77
1028.463	202.37
1028.665	207.74
1028.867	297.28
1029.069	290.12
1029.271	239.98
1029.473	227.44
1029.675	189.83
1029.877	188.04
1030.079	363.55
1030.281	241.77
1030.482	268.63
1030.684	223.86
1030.886	223.86
1031.088	175.51
1031.29	257.88
1031.491	148.64
1031.693	245.35
1031.895	288.33
1032.097	213.11
1032.298	182.67
1032.5	261.47
1032.701	248.93
1032.903	202.37
1033.105	236.39
1033.306	274
1033.508	205.95
1033.709	139.69
1033.911	231.02
1034.112	236.39
1034.314	205.95
1034.515	365.34
1034.716	166.55
1034.918	184.46
1035.119	82.38
1035.32	204.16
1035.522	193.41
1035.723	274
1035.924	125.36
1036.125	112.82
1036.327	152.22
1036.528	322.36
1036.729	69.84
1036.93	263.26
1037.131	186.25
1037.332	241.77
1037.533	161.18
1037.734	96.71
1037.935	60.89
1038.136	39.4
1038.337	85.96
1038.538	55.52
1038.739	137.9
1038.94	216.69
1039.141	116.41
1039.342	85.96
1039.543	175.51
1039.744	241.77
1039.944	112.82
1040.145	213.11
1040.346	222.07
1040.547	241.77
1040.747	114.62
1040.948	182.67
1041.149	114.62
1041.349	161.18
1041.55	93.13
1041.75	136.11
1041.951	173.71
1042.152	175.51
1042.352	116.41
1042.553	64.47
1042.753	103.87
1042.953	173.71
1043.154	105.66
1043.354	145.06
1043.555	175.51
1043.755	195.2
1043.955	205.95
1044.156	132.52
1044.356	105.66
1044.556	130.73
1044.756	148.64
1044.957	157.6
1045.157	162.97
1045.357	82.38
1045.557	141.48
1045.757	161.18
1045.957	139.69
1046.157	71.63
1046.357	134.32
1046.557	204.16
1046.757	87.75
1046.957	137.9
1047.157	179.09
1047.357	136.11
1047.557	112.82
1047.757	34.03
1047.957	112.82
1048.157	132.52
1048.356	175.51
1048.556	193.41
1048.756	60.89
1048.956	225.65
1049.156	73.43
1049.355	119.99
1049.555	89.54
1049.755	259.68
1049.954	55.52
1050.154	130.73
1050.353	222.07
1050.553	263.26
1050.752	51.94
1050.952	229.23
1051.151	109.24
1051.351	75.22
1051.55	118.2
1051.75	159.39
1051.949	3.58
1052.148	342.06
1052.348	155.81
1052.547	166.55
1052.746	51.94
1052.946	62.68
1053.145	71.63
1053.344	171.92
1053.543	-12.54
1053.743	173.71
1053.942	42.98
1054.141	121.78
1054.34	35.82
1054.539	77.01
1054.738	166.55
1054.937	14.33
1055.136	21.49
1055.335	78.8
1055.534	154.01
1055.733	134.32
1055.932	134.32
1056.131	134.32
