194.216	-372.8
194.484	-372.8
194.753	-372.8
195.022	-333.4
195.29	-36.12
195.559	-0.3
195.827	-70.14
196.096	17.61
196.364	73.13
196.633	39.1
196.901	-64.77
197.17	-45.07
197.438	-41.49
197.706	76.71
197.975	-20
198.243	-18.21
198.512	53.43
198.78	134.02
199.048	78.5
199.317	166.25
199.585	248.63
199.853	327.43
200.122	200.28
200.39	182.37
200.658	62.38
200.926	168.04
201.195	153.72
201.463	35.52
201.731	169.83
201.999	211.02
202.267	151.93
202.536	112.53
202.804	160.88
203.072	146.55
203.34	184.16
203.608	119.69
203.876	96.41
204.144	155.51
204.412	73.13
204.68	125.06
204.948	89.24
205.216	141.18
205.484	171.62
205.752	55.22
206.02	87.45
206.288	87.45
206.556	21.19
206.824	189.53
207.092	128.64
207.36	177
207.628	116.11
207.896	142.97
208.164	130.43
208.431	164.46
208.699	121.48
208.967	19.4
209.235	150.13
209.503	216.4
209.77	71.34
210.038	142.97
210.306	125.06
210.573	228.93
210.841	94.62
211.109	132.23
211.377	132.23
211.644	166.25
211.912	82.08
212.179	108.94
212.447	-30.74
212.715	91.04
212.982	338.18
213.25	234.31
213.517	155.51
213.785	185.95
214.052	89.24
214.32	108.94
214.587	150.13
214.855	160.88
215.122	92.83
215.39	123.27
215.657	12.24
215.925	57.01
216.192	83.87
216.459	150.13
216.727	237.89
216.994	57.01
217.261	110.74
217.529	142.97
217.796	193.12
218.063	298.78
218.331	89.24
218.598	130.43
218.865	157.3
219.132	107.15
219.399	178.79
219.667	101.78
219.934	137.6
220.201	218.19
220.468	92.83
220.735	107.15
221.002	166.25
221.27	101.78
221.537	108.94
221.804	250.42
222.071	82.08
222.338	177
222.605	116.11
222.872	33.73
223.139	189.53
223.406	144.76
223.673	200.28
223.94	151.93
224.207	117.9
224.474	151.93
224.741	134.02
225.007	103.57
225.274	123.27
225.541	94.62
225.808	37.31
226.075	203.86
226.342	73.13
226.609	51.64
226.875	119.69
227.142	223.56
227.409	80.29
227.676	245.05
227.942	155.51
228.209	96.41
228.476	137.6
228.742	80.29
229.009	65.96
229.276	178.79
229.542	141.18
229.809	105.36
230.076	134.02
230.342	73.13
230.609	82.08
230.875	243.26
231.142	142.97
231.408	117.9
231.675	141.18
231.941	91.04
232.208	178.79
232.474	207.44
232.741	87.45
233.007	85.66
233.274	207.44
233.54	218.19
233.807	74.92
234.073	134.02
234.339	178.79
234.606	110.74
234.872	134.02
235.138	194.91
235.405	139.39
235.671	168.04
235.937	141.18
236.203	82.08
236.47	180.58
236.736	134.02
237.002	65.96
237.268	157.3
237.535	119.69
237.801	162.67
238.067	96.41
238.333	184.16
238.599	125.06
238.865	92.83
239.131	49.85
239.397	162.67
239.663	103.57
239.929	134.02
240.195	89.24
240.462	200.28
240.728	99.99
240.993	65.96
241.259	221.77
241.525	202.07
241.791	-3.88
242.057	207.44
242.323	55.22
242.589	42.68
242.855	48.05
243.121	144.76
243.387	99.99
243.652	175.21
243.918	82.08
244.184	135.81
244.45	94.62
244.716	203.86
244.981	162.67
245.247	94.62
245.513	74.92
245.779	219.98
246.044	173.42
246.31	261.17
246.576	141.18
246.841	141.18
247.107	78.5
247.373	44.47
247.638	341.76
247.904	236.1
248.169	125.06
248.435	103.57
248.7	33.73
248.966	89.24
249.231	178.79
249.497	65.96
249.762	141.18
250.028	193.12
250.293	91.04
250.559	64.17
250.824	26.56
251.09	193.12
251.355	164.46
251.62	185.95
251.886	78.5
252.151	164.46
252.416	64.17
252.682	232.51
252.947	182.37
253.212	246.84
253.477	214.61
253.743	178.79
254.008	227.14
254.273	73.13
254.538	162.67
254.804	85.66
255.069	239.68
255.334	89.24
255.599	108.94
255.864	64.17
256.129	153.72
256.394	91.04
256.659	48.05
256.925	255.8
257.19	78.5
257.455	105.36
257.72	128.64
257.985	150.13
258.25	200.28
258.515	139.39
258.78	117.9
259.044	139.39
259.309	39.1
259.574	89.24
259.839	223.56
260.104	80.29
260.369	48.05
260.634	26.56
260.899	198.49
261.163	44.47
261.428	108.94
261.693	82.08
261.958	193.12
262.223	96.41
262.487	55.22
262.752	209.23
263.017	98.2
263.281	171.62
263.546	98.2
263.811	85.66
264.075	162.67
264.34	89.24
264.605	60.59
264.869	296.99
265.134	114.32
265.398	35.52
265.663	134.02
265.927	212.81
266.192	80.29
266.457	96.41
266.721	146.55
266.985	125.06
267.25	39.1
267.514	30.15
267.779	87.45
268.043	212.81
268.308	101.78
268.572	252.21
268.836	94.62
269.101	155.51
269.365	139.39
269.629	198.49
269.894	112.53
270.158	273.7
270.422	103.57
270.687	116.11
270.951	196.7
271.215	96.41
271.479	123.27
271.743	112.53
272.008	80.29
272.272	108.94
272.536	173.42
272.8	134.02
273.064	142.97
273.328	91.04
273.592	69.55
273.856	144.76
274.12	78.5
274.385	28.36
274.649	132.23
274.913	218.19
275.177	-23.58
275.441	160.88
275.704	92.83
275.968	234.31
276.232	30.15
276.496	-46.86
276.76	91.04
277.024	214.61
277.288	107.15
277.552	30.15
277.816	98.2
278.079	171.62
278.343	189.53
278.607	175.21
278.871	101.78
279.135	196.7
279.398	92.83
279.662	166.25
279.926	112.53
280.189	198.49
280.453	134.02
280.717	110.74
280.98	134.02
281.244	121.48
281.508	239.68
281.771	64.17
282.035	155.51
282.298	246.84
282.562	64.17
282.826	151.93
283.089	153.72
283.353	189.53
283.616	69.55
283.88	185.95
284.143	177
284.407	101.78
284.67	80.29
284.933	214.61
285.197	31.94
285.46	49.85
285.724	151.93
285.987	112.53
286.25	125.06
286.514	230.72
286.777	128.64
287.04	141.18
287.303	171.62
287.567	126.85
287.83	155.51
288.093	128.64
288.356	85.66
288.62	117.9
288.883	193.12
289.146	139.39
289.409	53.43
289.672	96.41
289.935	173.42
290.198	74.92
290.461	166.25
290.725	112.53
290.988	-2.09
291.251	73.13
291.514	15.82
291.777	101.78
292.04	117.9
292.303	128.64
292.566	55.22
292.829	194.91
293.091	180.58
293.354	177
293.617	185.95
293.88	42.68
294.143	19.4
294.406	159.09
294.669	92.83
294.932	67.75
295.194	150.13
295.457	168.04
295.72	141.18
295.983	185.95
296.245	98.2
296.508	31.94
296.771	65.96
297.034	207.44
297.296	60.59
297.559	31.94
297.822	55.22
298.084	223.56
298.347	82.08
298.609	155.51
298.872	116.11
299.135	99.99
299.397	73.13
299.66	-41.49
299.922	135.81
300.185	87.45
300.447	6.86
300.71	194.91
300.972	144.76
301.235	74.92
301.497	58.8
301.759	85.66
302.022	209.23
302.284	80.29
302.546	288.03
302.809	119.69
303.071	107.15
303.333	184.16
303.596	91.04
303.858	98.2
304.12	35.52
304.383	99.99
304.645	35.52
304.907	168.04
305.169	125.06
305.431	171.62
305.694	64.17
305.956	157.3
306.218	22.98
306.48	123.27
306.742	42.68
307.004	60.59
307.266	114.32
307.528	180.58
307.79	184.16
308.052	178.79
308.314	94.62
308.576	146.55
308.838	87.45
309.1	110.74
309.362	-7.46
309.624	69.55
309.886	134.02
310.148	55.22
310.41	112.53
310.672	67.75
310.934	168.04
311.196	193.12
311.457	153.72
311.719	82.08
311.981	87.45
312.243	202.07
312.504	57.01
312.766	291.61
313.028	151.93
313.29	194.91
313.551	130.43
313.813	193.12
314.075	71.34
314.336	309.52
314.598	44.47
314.86	148.34
315.121	153.72
315.383	160.88
315.644	51.64
315.906	-37.91
316.167	92.83
316.429	151.93
316.69	94.62
316.952	19.4
317.213	157.3
317.475	264.75
317.736	144.76
317.998	119.69
318.259	103.57
318.521	117.9
318.782	142.97
319.043	123.27
319.305	39.1
319.566	266.54
319.827	180.58
320.089	49.85
320.35	87.45
320.611	91.04
320.872	-23.58
321.134	48.05
321.395	96.41
321.656	187.74
321.917	-32.53
322.178	-7.46
322.44	74.92
322.701	141.18
322.962	159.09
323.223	73.13
323.484	103.57
323.745	98.2
324.006	96.41
324.267	198.49
324.528	98.2
324.789	55.22
325.05	35.52
325.311	44.47
325.572	150.13
325.833	82.08
326.094	99.99
326.355	125.06
326.616	26.56
326.877	103.57
327.138	130.43
327.398	110.74
327.659	116.11
327.92	89.24
328.181	83.87
328.442	259.38
328.702	116.11
328.963	198.49
329.224	108.94
329.485	139.39
329.745	126.85
330.006	130.43
330.267	164.46
330.527	173.42
330.788	5.07
331.049	146.55
331.309	83.87
331.57	103.57
331.83	73.13
332.091	60.59
332.351	80.29
332.612	275.5
332.873	148.34
333.133	37.31
333.393	119.69
333.654	119.69
333.914	144.76
334.175	193.12
334.435	198.49
334.696	35.52
334.956	21.19
335.216	177
335.477	21.19
335.737	92.83
335.997	182.37
336.258	175.21
336.518	82.08
336.778	211.02
337.038	103.57
337.299	123.27
337.559	177
337.819	202.07
338.079	55.22
338.34	76.71
338.6	22.98
338.86	114.32
339.12	101.78
339.38	78.5
339.64	49.85
339.9	134.02
340.16	150.13
340.42	87.45
340.68	92.83
340.94	6.86
341.2	135.81
341.46	35.52
341.72	123.27
341.98	117.9
342.24	53.43
342.5	200.28
342.76	71.34
343.02	184.16
343.28	144.76
343.54	169.83
343.799	67.75
344.059	92.83
344.319	121.48
344.579	284.45
344.839	110.74
345.098	44.47
345.358	114.32
345.618	10.45
345.878	128.64
346.137	130.43
346.397	76.71
346.657	164.46
346.916	144.76
347.176	121.48
347.435	108.94
347.695	318.48
347.955	60.59
348.214	123.27
348.474	82.08
348.733	-5.67
348.993	137.6
349.252	184.16
349.512	202.07
349.771	101.78
350.031	105.36
350.29	58.8
350.549	160.88
350.809	187.74
351.068	48.05
351.328	71.34
351.587	144.76
351.846	51.64
352.106	30.15
352.365	71.34
352.624	114.32
352.883	19.4
353.143	58.8
353.402	291.61
353.661	46.26
353.92	92.83
354.179	114.32
354.439	98.2
354.698	21.19
354.957	80.29
355.216	99.99
355.475	42.68
355.734	42.68
355.993	178.79
356.252	91.04
356.511	110.74
356.77	117.9
357.029	82.08
357.288	99.99
357.547	132.23
357.806	101.78
358.065	187.74
358.324	173.42
358.583	117.9
358.842	30.15
359.101	62.38
359.36	80.29
359.619	65.96
359.877	126.85
360.136	151.93
360.395	85.66
360.654	87.45
360.913	119.69
361.171	-57.61
361.43	-34.32
361.689	71.34
361.947	105.36
362.206	153.72
362.465	182.37
362.723	51.64
362.982	60.59
363.241	107.15
363.499	134.02
363.758	37.31
364.016	91.04
364.275	19.4
364.533	35.52
364.792	110.74
365.05	177
365.309	164.46
365.567	157.3
365.826	150.13
366.084	101.78
366.343	189.53
366.601	17.61
366.86	49.85
367.118	164.46
367.376	69.55
367.635	119.69
367.893	91.04
368.151	31.94
368.409	67.75
368.668	99.99
368.926	31.94
369.184	39.1
369.442	134.02
369.701	162.67
369.959	142.97
370.217	30.15
370.475	80.29
370.733	114.32
370.991	142.97
371.25	67.75
371.508	76.71
371.766	87.45
372.024	96.41
372.282	53.43
372.54	94.62
372.798	110.74
373.056	80.29
373.314	98.2
373.572	177
373.83	51.64
374.088	73.13
374.345	134.02
374.603	221.77
374.861	64.17
375.119	33.73
375.377	44.47
375.635	89.24
375.893	139.39
376.15	125.06
376.408	64.17
376.666	151.93
376.924	177
377.181	134.02
377.439	123.27
377.697	107.15
377.954	94.62
378.212	135.81
378.47	92.83
378.727	98.2
378.985	60.59
379.243	108.94
379.5	49.85
379.758	232.51
380.015	128.64
380.273	58.8
380.53	123.27
380.788	221.77
381.045	144.76
381.303	31.94
381.56	8.66
381.818	76.71
382.075	74.92
382.332	126.85
382.59	58.8
382.847	62.38
383.105	121.48
383.362	119.69
383.619	110.74
383.876	22.98
384.134	64.17
384.391	46.26
384.648	17.61
384.905	123.27
385.163	33.73
385.42	107.15
385.677	37.31
385.934	187.74
386.191	83.87
386.449	157.3
386.706	85.66
386.963	-37.91
387.22	80.29
387.477	24.77
387.734	164.46
387.991	96.41
388.248	132.23
388.505	101.78
388.762	141.18
389.019	103.57
389.276	108.94
389.533	30.15
389.79	98.2
390.047	92.83
390.304	112.53
390.56	44.47
390.817	73.13
391.074	-3.88
391.331	114.32
391.588	60.59
391.844	91.04
392.101	-5.67
392.358	22.98
392.615	286.24
392.871	58.8
393.128	39.1
393.385	155.51
393.641	155.51
393.898	78.5
394.155	80.29
394.411	58.8
394.668	128.64
394.925	193.12
395.181	89.24
395.438	15.82
395.694	51.64
395.951	125.06
396.207	211.02
396.464	108.94
396.72	94.62
396.977	151.93
397.233	126.85
397.489	-12.83
397.746	159.09
398.002	126.85
398.259	126.85
398.515	-36.12
398.771	134.02
399.028	83.87
399.284	146.55
399.54	96.41
399.796	153.72
400.053	60.59
400.309	92.83
400.565	130.43
400.821	212.81
401.078	22.98
401.334	108.94
401.59	78.5
401.846	105.36
402.102	150.13
402.358	191.32
402.614	105.36
402.87	225.35
403.126	71.34
403.382	71.34
403.638	85.66
403.894	117.9
404.15	144.76
404.406	142.97
404.662	71.34
404.918	46.26
405.174	173.42
405.43	144.76
405.686	99.99
405.942	268.33
406.198	191.32
406.454	202.07
406.709	151.93
406.965	350.71
407.221	169.83
407.477	182.37
407.732	166.25
407.988	205.65
408.244	264.75
408.5	146.55
408.755	126.85
409.011	219.98
409.267	275.5
409.522	225.35
409.778	223.56
410.033	279.08
410.289	304.15
410.545	155.51
410.8	230.72
411.056	266.54
411.311	282.66
411.567	356.08
411.822	246.84
412.078	323.85
412.333	205.65
412.588	227.14
412.844	325.64
413.099	470.7
413.355	288.03
413.61	386.53
413.865	332.8
414.121	348.92
414.376	436.67
414.631	427.72
414.887	408.02
415.142	524.43
415.397	468.91
415.652	547.71
415.907	422.35
416.163	533.38
416.418	538.75
416.673	513.68
416.928	524.43
417.183	519.05
417.438	463.54
417.693	628.3
417.949	486.82
418.204	596.06
418.459	542.33
418.714	544.13
418.969	683.81
419.224	719.63
419.479	610.39
419.734	597.85
419.989	694.56
420.243	767.98
420.498	721.42
420.753	818.13
421.008	753.66
421.263	898.72
421.518	839.62
421.773	1009.75
422.027	964.98
422.282	957.82
422.537	850.36
422.792	993.63
423.047	995.42
423.301	1070.64
423.556	1041.99
423.811	1170.93
424.065	1160.18
424.32	1110.04
424.575	1244.35
424.829	1391.21
425.084	1276.59
425.338	1217.49
425.593	1357.18
425.848	1475.38
426.102	1649.09
426.357	1512.98
426.611	1575.66
426.866	1641.93
427.12	1582.83
427.374	1806.69
427.629	1620.44
427.883	1937.42
428.138	1889.07
428.392	1754.75
428.646	1989.36
428.901	2014.43
429.155	2014.43
429.409	2102.18
429.664	2288.43
429.918	2166.65
430.172	2300.97
430.427	2300.97
430.681	2329.62
430.935	2440.65
431.189	2519.45
431.443	2666.3
431.698	2702.12
431.952	2863.3
432.206	2678.84
432.46	2886.58
432.714	2931.35
432.968	3139.09
433.222	3359.37
433.476	3234.01
433.73	3355.79
433.984	3576.06
434.238	3568.9
434.492	3721.12
434.746	3662.03
435	3884.09
435.254	3923.49
435.508	3987.96
435.762	4102.58
436.016	4338.97
436.27	4475.08
436.523	4516.27
436.777	4716.85
437.031	4813.55
437.285	4917.42
437.539	5057.11
437.792	5237.99
438.046	5302.46
438.3	5511.99
438.553	5897.03
438.807	5737.64
439.061	5943.59
439.314	6122.68
439.568	6362.65
439.822	6394.89
440.075	6754.85
440.329	6833.65
440.582	7077.21
440.836	7107.65
441.09	7403.15
441.343	7539.25
441.597	7994.13
441.85	8130.24
442.103	8225.16
442.357	8303.95
442.61	8465.13
442.864	8674.66
443.117	8964.78
443.371	9156.41
443.624	9511
443.877	9681.13
444.131	9999.9
444.384	10001.7
444.637	10316.89
444.89	10870.27
445.144	10381.36
445.397	10909.67
445.65	11230.23
445.903	11047.56
446.157	11402.15
446.41	11857.03
446.663	12059.4
446.916	12166.85
447.169	12394.29
447.422	12804.4
447.675	12863.5
447.928	12859.92
448.181	13429.42
448.435	13418.67
448.688	13393.6
448.941	13434.79
449.194	13551.19
449.446	13416.88
449.699	13855.64
449.952	13535.08
450.205	13859.22
450.458	13549.4
450.711	13653.27
450.964	13841.32
451.217	13604.92
451.47	13703.42
451.722	13644.32
451.975	13642.53
452.228	13450.91
452.481	13339.87
452.733	13409.72
452.986	13015.73
453.239	13289.73
453.492	12929.76
453.744	12559.05
453.997	12467.72
454.25	12396.09
454.502	12107.76
454.755	12059.4
455.007	11839.13
455.26	11824.8
455.513	11728.09
455.765	11581.24
456.018	11201.58
456.27	11321.56
456.523	10841.61
456.775	10793.26
457.028	10766.4
457.28	10633.87
457.532	10241.67
457.785	10356.29
458.037	9874.54
458.29	9817.24
458.542	9704.41
458.794	9627.4
459.047	9570.1
459.299	9758.14
459.551	9432.2
459.803	9516.37
460.056	9190.43
460.308	8939.71
460.56	8934.34
460.812	9036.42
461.064	8816.14
461.317	8918.22
461.569	8860.91
461.821	8737.34
462.073	8762.42
462.325	8552.88
462.577	8692.57
462.829	8373.8
463.081	8631.68
463.333	8680.04
463.585	8431.11
463.837	8268.14
464.089	8259.18
464.341	8255.6
464.593	8241.27
464.845	8076.51
465.097	8192.92
465.349	7997.72
465.601	7888.47
465.852	7970.85
466.104	7992.34
466.356	7868.77
466.608	7712.97
466.86	7752.37
467.111	7632.38
467.363	7743.41
467.615	7680.73
467.867	7413.89
468.118	7358.38
468.37	7093.33
468.622	7156.01
468.873	6957.22
469.125	7134.52
469.376	7172.13
469.628	7061.09
469.88	7095.12
470.131	6903.5
470.383	7009.16
470.634	6835.44
470.886	6754.85
471.137	6609.79
471.389	6661.73
471.64	6778.13
471.892	6495.18
472.143	6418.17
472.394	6615.17
472.646	6160.29
472.897	6366.23
473.148	6403.84
473.4	6271.32
473.651	6405.63
473.902	6411.01
474.154	6382.35
474.405	6296.39
474.656	6391.31
474.907	6319.67
475.159	6214.01
475.41	6307.14
475.661	6199.68
475.912	6513.09
476.163	6265.95
476.414	6624.12
476.665	6355.49
476.917	6398.47
477.168	6412.8
477.419	6403.84
477.67	6561.44
477.921	6566.81
478.172	6473.69
478.423	6867.68
478.674	6722.62
478.925	6686.8
479.176	7066.46
479.426	6869.47
479.677	7073.63
479.928	7043.18
480.179	7179.29
480.43	7336.89
480.681	7489.11
480.932	7533.88
481.182	7533.88
481.433	7569.7
481.684	7687.9
481.935	7866.98
482.185	7865.19
482.436	8205.46
482.687	8076.51
482.937	8217.99
483.188	8232.32
483.439	8585.12
483.689	8644.22
483.94	8486.62
484.19	8676.45
484.441	9084.77
484.692	9142.08
484.942	9287.14
485.193	9254.9
485.443	9582.63
485.694	10001.7
485.944	10012.44
486.194	9912.15
486.445	10125.27
486.695	10218.39
486.946	10395.69
487.196	10612.38
487.446	10684.02
487.697	10943.69
487.947	10958.02
488.197	11301.87
488.448	11541.84
488.698	11803.31
488.948	11668.99
489.198	12095.22
489.449	12209.84
489.699	12619.94
489.949	12632.48
490.199	12840.22
490.449	13529.7
490.699	13031.84
490.949	13699.84
491.2	13672.97
491.45	14074.13
491.7	14455.58
491.95	14246.05
492.2	14679.44
492.45	15103.88
492.7	15558.76
492.95	15286.55
493.2	15397.58
493.45	16140.79
493.699	16140.79
493.949	16586.71
494.199	16626.11
494.449	16688.79
494.699	17140.09
494.949	17537.67
495.199	17784.81
495.448	18273.71
495.698	18037.32
495.948	18280.88
496.198	18572.79
496.447	19111.84
496.697	19226.45
496.947	19552.39
497.196	19788.79
497.446	19520.16
497.696	20218.59
497.945	19989.36
498.195	20628.7
498.444	21090.75
498.694	20780.93
498.944	21620.84
499.193	21484.74
499.443	22220.78
499.692	22050.65
499.942	22231.53
500.191	22566.42
500.44	23010.56
500.69	23130.54
500.939	23186.06
501.189	23640.94
501.438	23916.74
501.687	23852.26
501.937	23811.07
502.186	24190.74
502.435	24514.88
502.685	24882.01
502.934	25229.44
503.183	25114.83
503.432	25473
503.682	25256.3
503.931	25779.24
504.18	26300.38
504.429	26106.97
504.678	26239.49
504.927	26533.19
505.176	26769.59
505.426	27082.99
505.675	27279.98
505.924	27657.86
506.173	27589.8
506.422	27546.82
506.671	27600.55
506.92	28279.29
507.169	28410.02
507.418	28569.41
507.667	28809.38
507.915	28864.9
508.164	29445.14
508.413	29083.39
508.662	28963.4
508.911	29803.32
509.16	29676.16
509.408	29590.2
509.657	30376.39
509.906	30088.06
510.155	30378.18
510.404	30834.86
510.652	30333.41
510.901	30772.18
511.15	31313.02
511.398	30902.91
511.647	31320.18
511.896	31187.66
512.144	31583.44
512.393	31370.32
512.641	31013.94
512.89	31771.48
513.138	32220.99
513.387	32174.42
513.635	32197.71
513.884	33035.83
514.132	32484.24
514.381	32321.28
514.629	32928.38
514.878	32697.36
515.126	33001.81
515.374	33177.31
515.623	33281.18
515.871	32743.92
516.119	33379.68
516.368	33847.09
516.616	33630.4
516.864	33463.85
517.113	34044.09
517.361	34294.81
517.609	33761.13
517.857	34534.79
518.105	34056.63
518.354	34772.97
518.602	34242.88
518.85	35200.99
519.098	34789.09
519.346	35170.55
519.594	34987.88
519.842	34891.17
520.09	35229.64
520.338	34987.88
520.586	35322.77
520.834	35704.22
521.082	35333.51
521.33	35516.18
521.578	35424.85
521.826	35895.85
522.074	35306.65
522.322	35632.59
522.57	36171.64
522.817	35646.92
523.065	35820.63
523.313	36250.44
523.561	35965.69
523.809	36098.21
524.056	36485.04
524.304	36807.4
524.552	36567.42
524.8	36802.03
525.047	36957.83
525.295	37222.88
525.543	37154.83
525.79	37414.5
526.038	36631.89
526.285	37631.2
526.533	37627.62
526.781	37163.78
527.028	37256.91
527.276	37611.5
527.523	37233.62
527.771	37450.32
528.018	37496.88
528.266	37632.99
528.513	37957.14
528.76	37364.36
529.008	37769.09
529.255	37792.38
529.502	37484.35
529.75	37984
529.997	37496.88
530.244	38386.94
530.492	38238.3
530.739	38363.66
530.986	38333.22
531.234	38218.6
531.481	38249.05
531.728	38614.38
531.975	38351.13
532.222	38422.76
532.469	38433.51
532.717	38591.1
532.964	38802.42
533.211	38682.44
533.458	38403.06
533.705	38834.66
533.952	38623.34
534.199	39531.31
534.446	39148.06
534.693	39162.39
534.94	38938.53
535.187	39635.18
535.434	39278.8
535.681	39219.7
535.928	39516.98
536.174	39699.65
536.421	39144.48
536.668	39966.49
536.915	39413.11
537.162	39869.78
537.409	39388.04
537.655	40102.59
537.902	39432.81
538.149	39731.88
538.396	40201.09
538.642	40238.7
538.889	40030.96
539.136	39746.21
539.382	40056.03
539.629	40233.33
539.875	39773.07
540.122	40700.74
540.369	40116.92
540.615	40595.08
540.862	40575.38
541.108	40242.28
541.355	40333.62
541.601	40861.92
541.848	40455.4
542.094	40550.31
542.341	41039.22
542.587	41119.81
542.833	40428.53
543.08	40840.43
543.326	41332.92
543.572	40867.29
543.819	41427.84
544.065	41759.15
544.311	41109.06
544.558	41178.91
544.804	41508.43
545.05	41445.74
545.296	41531.71
545.542	41970.47
545.789	41782.43
546.035	41692.88
546.281	41909.58
546.527	41780.64
546.773	42196.12
547.019	41991.96
547.265	42215.82
547.511	42215.82
547.757	42308.94
548.003	42240.89
548.249	42085.08
548.495	42308.94
548.741	42523.85
548.987	42985.89
549.233	42450.42
549.479	42582.95
549.725	43071.85
549.971	42577.57
550.217	43116.62
550.463	43367.35
550.708	43433.61
550.954	42640.25
551.2	42908.88
551.446	43313.62
551.691	43421.07
551.937	43569.71
552.183	44218.01
552.429	43571.5
552.674	43487.33
552.92	44074.74
553.165	44006.69
553.411	43714.77
553.657	43770.29
553.902	44148.16
554.148	44466.94
554.393	44633.49
554.639	44644.23
554.884	44855.56
555.13	43983.4
555.375	44067.57
555.621	45018.53
555.866	45271.04
556.112	44445.45
556.357	44911.07
556.602	45186.87
556.848	45736.66
557.093	45444.75
557.338	45274.62
557.584	45195.82
557.829	45810.09
558.074	45319.39
558.32	46218.41
558.565	46023.2
558.81	46162.89
559.055	45620.26
559.3	46657.17
559.546	46426.15
559.791	46773.58
560.036	46392.12
560.281	46105.58
560.526	46753.88
560.771	47210.55
561.016	46535.39
561.261	47061.9
561.506	47445.15
561.751	47307.25
561.996	47205.17
562.241	48025.39
562.486	48421.17
562.731	47638.56
562.976	48808
563.221	48811.58
563.466	49003.2
563.71	49536.88
563.955	49246.76
564.2	48895.75
564.445	49681.94
564.69	50226.37
564.934	49715.97
565.179	50344.56
565.424	50201.3
565.669	50611.4
565.913	50862.13
566.158	51087.77
566.403	51032.26
566.647	51655.48
566.892	51796.96
567.136	51707.41
567.381	52192.74
567.626	51870.38
567.87	52196.32
568.115	52790.89
568.359	52498.98
568.604	52633.29
568.848	52998.63
569.093	52878.64
569.337	52986.09
569.581	53432.02
569.826	53279.8
570.07	53347.85
570.315	53127.57
570.559	54159.11
570.803	53278.01
571.048	53045.19
571.292	53971.07
571.536	53566.33
571.78	53806.31
572.025	53999.72
572.269	53847.5
572.513	54006.89
572.757	54026.59
573.001	53738.26
573.245	54361.48
573.49	54166.28
573.734	53430.23
573.978	54255.82
574.222	54499.38
574.466	54262.98
574.71	54357.9
574.954	54316.71
575.198	54399.09
575.442	54223.58
575.686	54037.33
575.93	54981.12
576.174	54648.02
576.418	55348.25
576.661	54633.69
576.905	55188.86
577.149	54630.11
577.393	55509.43
577.637	54920.23
577.881	55523.75
578.124	55024.1
578.368	55636.58
578.612	55269.45
578.856	55792.38
579.099	55889.09
579.343	55994.75
579.587	55735.08
579.83	56152.35
580.074	56055.64
580.318	55806.71
580.561	56103.99
580.805	55772.68
581.048	56075.34
581.292	56048.48
581.535	56177.42
581.779	56612.6
582.022	56644.84
582.266	56386.95
582.509	56560.67
582.753	56166.67
582.996	56995.85
583.239	56865.11
583.483	56363.67
583.726	57056.74
583.969	57074.64
584.213	56532.01
584.456	56625.14
584.699	57345.07
584.943	56798.85
585.186	56940.33
585.429	56981.52
585.672	57472.22
585.915	57183.89
586.159	57067.48
586.402	57490.13
586.645	57474.01
586.888	57203.59
587.131	57436.4
587.374	57491.92
587.617	57764.13
587.86	57513.41
588.103	57595.79
588.346	58059.62
588.589	57955.75
588.832	57855.46
589.075	57683.54
589.318	57749.8
589.561	57783.83
589.804	57943.21
590.047	57799.95
590.29	57649.51
590.532	58288.85
590.775	58100.81
591.018	57909.19
591.261	57808.9
591.504	58331.83
591.746	58206.47
591.989	58278.11
592.232	58145.58
592.474	58005.9
592.717	58170.65
592.96	57975.45
593.202	58215.43
593.445	58321.09
593.688	58222.59
593.93	58304.97
594.173	58330.04
594.415	58227.96
594.658	58469.73
594.9	58467.94
595.143	58319.3
595.385	58525.25
595.628	58304.97
595.87	58544.95
596.112	58790.3
596.355	58451.82
596.597	58582.55
596.84	58509.13
597.082	58385.56
597.324	58722.24
597.567	58682.84
597.809	58869.09
598.051	58604.04
598.293	58921.03
598.536	58992.66
598.778	58790.3
599.02	58851.18
599.262	59144.89
599.504	59178.91
599.746	59365.16
599.988	59062.51
600.231	59340.09
600.473	59289.95
600.715	59429.63
600.957	59751.99
601.199	59624.84
601.441	59642.75
601.683	59818.25
601.925	59891.68
602.167	59827.21
602.409	59694.68
602.65	60119.12
602.892	59970.48
603.134	60326.86
603.376	60119.12
603.618	60289.25
603.86	60217.62
604.101	60466.55
604.343	60357.3
604.585	60586.54
604.827	60461.17
605.068	60622.35
605.31	60599.07
605.552	60785.32
605.794	60634.89
606.035	60797.86
606.277	60692.2
606.518	60883.82
606.76	60740.55
607.002	60880.24
607.243	60812.18
607.485	60851.58
607.726	60830.09
607.968	60876.66
608.209	60753.09
608.451	60880.24
608.692	60760.25
608.933	60849.79
609.175	60651.01
609.416	60720.85
609.658	60613.4
609.899	60677.87
610.14	60704.73
610.382	60667.12
610.623	60575.79
610.864	60643.84
611.105	60475.5
611.347	60550.72
611.588	60194.34
611.829	60085.09
612.07	59993.76
612.311	60045.69
612.553	60051.07
612.794	59775.27
613.035	59721.55
613.276	59743.04
613.517	59332.93
613.758	59664.24
613.999	59178.91
614.24	59488.73
614.481	58940.73
614.722	59152.05
614.963	58890.58
615.204	58534.2
615.445	58516.29
615.686	58414.21
615.927	58093.65
616.167	57962.91
616.408	57774.87
616.649	57318.2
616.89	57463.26
617.131	57225.08
617.372	57191.05
617.612	56714.68
617.853	56746.92
618.094	56293.83
618.334	56320.69
618.575	55939.23
618.816	56019.82
619.056	55817.46
619.297	55396.6
619.538	55375.11
619.778	55194.23
620.019	55271.24
620.259	55154.83
620.5	54501.17
620.74	54443.86
620.981	54581.76
621.221	54237.91
621.462	54393.72
621.702	53716.77
621.943	53892.27
622.183	53433.81
622.423	53222.49
622.664	53197.42
622.904	53113.25
623.144	53039.82
623.385	52738.95
623.625	52644.04
623.865	52362.87
624.105	51832.78
624.346	51771.89
624.586	52101.41
624.826	51397.59
625.066	51290.14
625.306	51207.76
625.546	51080.61
625.787	51234.63
626.027	50856.75
626.267	51010.77
626.507	50443.06
626.747	50537.98
626.987	49608.52
627.227	50321.28
627.467	49434.8
627.707	49699.85
627.947	48933.36
628.187	49160.8
628.427	49467.04
628.666	48718.46
628.906	48356.7
629.146	48671.89
629.386	47848.1
629.626	47882.12
629.866	48012.86
630.105	47649.31
630.345	46915.05
630.585	47169.36
630.825	47341.28
631.064	46692.99
631.304	46798.65
631.544	45951.57
631.783	46422.57
632.023	46221.99
632.262	44995.24
632.502	45616.67
632.742	45394.61
632.981	45074.04
633.221	44526.04
633.46	45278.2
633.7	44338
633.939	44463.36
634.179	43999.52
634.418	44090.86
634.657	44044.29
634.897	43852.67
635.136	43675.37
635.376	43612.69
635.615	43252.73
635.854	42731.59
636.094	42500.57
636.333	42128.07
636.572	42040.31
636.811	42185.37
637.051	41438.58
637.29	41544.24
637.529	41479.77
637.768	41458.28
638.007	40541.36
638.246	40881.62
638.486	40507.33
638.725	40908.48
638.964	40013.05
639.203	40106.18
639.442	39438.18
639.681	39789.19
639.92	39194.62
640.159	39302.08
640.398	38868.69
640.637	38909.88
640.876	38480.07
641.114	38347.54
641.353	37975.04
641.592	37493.3
641.831	37740.44
642.07	37500.46
642.309	36975.74
642.548	37358.99
642.786	36873.66
643.025	36893.36
643.264	36447.43
643.502	36014.04
643.741	36048.07
643.98	36155.52
644.219	35872.57
644.457	35587.82
644.696	34916.24
644.934	35231.44
645.173	35030.86
645.412	34878.63
645.65	34273.32
645.889	34049.46
646.127	33934.85
646.366	34393.31
646.604	33556.97
646.842	33644.73
647.081	33315.21
647.319	33282.97
647.558	32964.2
647.796	33143.28
648.034	32432.31
648.273	32382.17
648.511	31800.13
648.749	32392.91
648.988	32006.08
649.226	31957.73
649.464	31040.81
649.702	31384.65
649.941	30709.49
650.179	30992.45
650.417	30503.55
650.655	30467.73
650.893	30163.28
651.131	29907.19
651.369	29615.27
651.607	29747.8
651.845	29762.13
652.083	29581.25
652.321	28836.25
652.559	28959.82
652.797	28488.82
653.035	28460.17
653.273	28193.33
653.511	28211.23
653.749	28248.84
653.987	28084.08
654.225	27647.11
654.463	27657.86
654.701	27043.59
654.938	27344.46
655.176	26807.19
655.414	26903.9
655.652	26626.32
655.889	26098.01
656.127	25997.72
656.365	26456.18
656.602	25745.21
656.84	25759.54
657.078	25378.08
657.315	25571.5
657.553	25073.64
657.79	24692.18
658.028	24480.86
658.266	24437.88
658.503	24419.97
658.741	24622.34
658.978	23914.94
659.215	24013.44
659.453	23923.9
659.69	23771.67
659.928	23572.89
660.165	23257.7
660.402	22946.08
660.64	23255.9
660.877	22795.65
661.114	22808.19
661.352	22818.93
661.589	22544.93
661.826	21943.2
662.063	21928.87
662.301	21980.81
662.538	21910.96
662.775	21513.39
663.012	21416.68
663.249	21040.6
663.486	21194.62
663.723	20716.46
663.961	20943.9
664.198	20745.11
664.435	20367.24
664.672	20326.05
664.909	20250.83
665.146	19781.62
665.383	20000.11
665.619	19446.73
665.856	19729.69
666.093	19466.43
666.33	19178.1
666.567	19269.43
666.804	19233.62
667.041	18712.47
667.278	18923.8
667.514	18637.26
667.751	18477.87
667.988	18080.3
668.225	18211.03
668.461	17919.12
668.698	17661.24
668.935	17971.06
669.171	18055.23
669.408	17842.11
669.644	17709.59
669.881	17222.47
670.118	17041.6
670.354	16946.68
670.591	16823.11
670.827	16832.06
671.064	16918.03
671.3	16479.26
671.537	16264.36
671.773	16097.81
672.01	16035.13
672.246	16224.96
672.482	15886.49
672.719	16015.43
672.955	15807.69
673.191	15148.65
673.428	15633.97
673.664	14935.54
673.9	15247.15
674.136	14924.79
674.373	15042.99
674.609	14722.42
674.845	14523.64
675.081	14396.48
675.317	14503.94
675.553	14416.18
675.79	14346.34
676.026	14210.23
676.262	14075.92
676.498	13925.49
676.734	13776.84
676.97	13477.77
677.206	13868.18
677.442	13191.23
677.678	13384.64
677.914	13275.4
678.15	13128.55
678.386	12858.13
678.621	12924.39
678.857	12741.72
679.093	12709.49
679.329	12514.28
679.565	12535.77
679.8	12655.76
680.036	12306.54
680.272	12426.53
680.508	12059.4
680.743	12062.98
680.979	12048.66
681.215	11583.03
681.45	11794.35
681.686	11538.26
681.922	11443.34
682.157	11185.46
682.393	11489.91
682.628	11223.07
682.864	11282.17
683.099	11155.01
683.335	10932.95
683.57	10691.18
683.806	10766.4
684.041	10766.4
684.277	10567.61
684.512	10574.77
684.747	10556.86
684.983	10440.46
685.218	10365.24
685.453	10091.24
685.689	10116.31
685.924	9849.47
686.159	10062.59
686.394	9802.91
686.63	9688.29
686.865	9639.94
687.1	9616.66
687.335	9534.28
687.57	9425.04
687.806	9328.33
688.041	9265.65
688.276	9342.66
688.511	9466.23
688.746	8885.99
688.981	9113.43
689.216	8740.93
689.451	8923.59
689.686	8862.7
689.921	8723.02
690.156	8422.15
690.391	8454.39
690.625	8610.19
690.86	8457.97
691.095	8309.33
691.33	8194.71
691.565	8042.49
691.8	8348.73
692.034	7858.03
692.269	7943.99
692.504	7969.06
692.739	7707.59
692.973	7741.62
693.208	7639.54
693.443	7711.18
693.677	7612.68
693.912	7313.6
694.146	7550
694.381	7240.18
694.616	7036.02
694.85	7306.44
695.085	7288.53
695.319	6905.29
695.554	7120.19
695.788	7061.09
696.023	6898.12
696.257	7036.02
696.491	6976.92
696.726	6762.02
696.96	6822.91
697.194	6590.09
697.429	6817.53
697.663	6346.54
697.897	6604.42
698.132	6530.99
698.366	6382.35
698.6	6479.06
698.834	6102.98
699.068	6199.68
699.303	6063.58
699.537	6045.67
699.771	6269.53
700.005	5909.56
700.239	6018.81
700.473	5954.34
700.707	5880.91
700.941	5846.88
701.175	5744.8
701.409	5617.65
701.643	5571.09
701.877	5580.04
702.111	5563.93
702.345	5272.02
702.579	5406.33
702.813	5225.45
703.047	5372.3
703.281	5264.85
703.514	5229.03
703.748	5196.8
703.982	5026.67
704.216	5218.29
704.449	5135.91
704.683	4899.51
704.917	5033.83
705.15	4824.3
705.384	4793.85
705.618	4813.55
705.851	4799.23
706.085	4541.34
706.319	4686.4
706.552	4614.77
706.786	4638.05
707.019	4655.96
707.253	4544.92
707.486	4303.16
707.72	4632.68
707.953	4364.05
708.187	4534.18
708.42	4324.65
708.653	4408.82
708.887	4258.38
709.12	4238.68
709.353	4193.91
709.587	4136.61
709.82	4059.6
710.053	3984.38
710.286	4021.99
710.52	3855.44
710.753	3873.35
710.986	3993.34
711.219	3955.73
711.452	3740.82
711.686	3626.21
711.919	3656.65
712.152	3819.62
712.385	3816.04
712.618	3619.04
712.851	3658.44
713.084	3543.83
713.317	3536.66
713.55	3538.46
713.783	3536.66
714.016	3377.28
714.249	3495.47
714.482	3423.84
714.714	3337.88
714.947	3395.19
715.18	3314.6
715.413	3137.3
715.646	3248.33
715.878	3133.72
716.111	3237.59
716.344	3187.45
716.577	3183.86
716.809	3056.71
717.042	3078.2
717.275	3108.65
717.507	3054.92
717.74	3013.73
717.973	2825.69
718.205	2857.93
718.438	2811.36
718.67	2712.87
718.903	2793.45
719.135	2852.55
719.368	2857.93
719.6	2791.66
719.833	2725.4
720.065	2736.15
720.297	2641.23
720.53	2600.04
720.762	2632.28
720.995	2537.36
721.227	2571.39
721.459	2560.64
721.691	2600.04
721.924	2576.76
722.156	2605.41
722.388	2460.35
722.62	2508.71
722.853	2313.5
723.085	2510.5
723.317	2388.72
723.549	2315.29
723.781	2193.51
724.013	2206.05
724.245	2304.55
724.477	2268.73
724.709	2297.38
724.941	2254.4
725.173	2220.38
725.405	2227.54
725.637	2188.14
725.869	2259.78
726.101	2009.05
726.333	2062.78
726.565	2141.58
726.797	1978.61
727.028	1953.54
727.26	2035.92
727.492	2009.05
727.724	2001.89
727.956	2060.99
728.187	1876.53
728.419	1946.37
728.651	2000.1
728.882	1860.41
729.114	1951.75
729.346	1829.97
729.577	1851.46
729.809	1853.25
730.04	1718.93
730.272	1738.63
730.503	1731.47
730.735	1763.71
730.966	1858.62
731.198	1693.86
731.429	1794.15
731.661	1643.72
731.892	1745.8
732.124	1752.96
732.355	1670.58
732.586	1853.25
732.818	1727.89
733.049	1758.33
733.28	1586.41
733.512	1756.54
733.743	1572.08
733.974	1595.36
734.205	1613.27
734.436	1523.73
734.668	1541.64
734.899	1333.9
735.13	1407.32
735.361	1520.15
735.592	1453.89
735.823	1391.21
736.054	1520.15
736.285	1419.86
736.516	1330.32
736.747	1511.19
736.978	1534.47
737.209	1247.94
737.44	1423.44
737.671	1324.94
737.902	1421.65
738.133	1301.66
738.364	1319.57
738.594	1353.6
738.825	1410.9
739.056	1226.45
739.287	1425.23
739.518	1255.1
739.748	1142.27
739.979	1203.16
740.21	1240.77
740.44	1145.86
740.671	1319.57
740.902	1187.05
741.132	1124.37
741.363	1147.65
741.593	1221.07
741.824	1090.34
742.055	1059.89
742.285	1063.48
742.516	1136.9
742.746	997.21
742.976	1086.76
743.207	1124.37
743.437	1097.5
743.668	1034.82
743.898	1158.39
744.128	880.81
744.359	1016.91
744.589	1011.54
744.819	1108.25
745.05	1074.22
745.28	1167.35
745.51	1013.33
745.74	1011.54
745.971	1084.97
746.201	1231.82
746.431	1002.59
746.661	939.91
746.891	990.05
747.121	896.93
747.351	1124.37
747.581	984.68
747.811	868.27
748.041	990.05
748.271	936.33
748.501	1002.59
748.731	961.4
748.961	914.83
749.191	954.23
749.421	1006.17
749.651	1027.66
749.881	943.49
750.111	852.15
750.34	925.58
750.57	818.13
750.8	918.42
751.03	762.61
751.259	884.39
751.489	810.96
751.719	800.22
751.949	732.17
752.178	911.25
752.408	818.13
752.637	850.36
752.867	887.97
753.097	904.09
753.326	703.51
753.556	882.6
753.785	701.72
754.015	823.5
754.244	746.49
754.474	828.87
754.703	818.13
754.932	798.43
755.162	762.61
755.391	685.6
755.621	698.14
755.85	567.41
756.079	843.2
756.309	771.57
756.538	723.21
756.767	746.49
756.996	678.44
757.225	630.09
757.455	698.14
757.684	741.12
757.913	646.2
758.142	536.96
758.371	619.34
758.6	624.71
758.829	603.22
759.058	674.86
759.287	558.45
759.516	656.95
759.745	481.44
759.974	613.97
760.203	517.26
760.432	590.69
760.661	615.76
760.89	592.48
761.119	644.41
761.348	567.41
761.577	631.88
761.805	476.07
762.034	572.78
762.263	522.63
762.492	456.37
762.721	538.75
762.949	438.46
763.178	583.52
763.407	522.63
763.635	622.92
763.864	481.44
764.092	513.68
764.321	445.63
764.55	547.71
764.778	451
765.007	592.48
765.235	497.56
765.464	456.37
765.692	348.92
765.921	440.25
766.149	368.62
766.377	653.37
766.606	461.75
766.834	440.25
767.062	431.3
767.291	545.92
767.519	474.28
767.747	381.16
767.976	395.48
768.204	495.77
768.432	323.85
768.66	502.94
768.889	363.25
769.117	463.54
769.345	395.48
769.573	384.74
769.801	399.06
770.029	390.11
770.257	422.35
770.485	485.03
770.713	565.62
770.941	408.02
771.169	395.48
771.397	433.09
771.625	350.71
771.853	393.69
772.081	422.35
772.309	320.27
772.537	305.94
772.765	458.16
772.992	329.22
773.22	372.2
773.448	271.91
773.676	357.87
773.903	318.48
774.131	361.46
774.359	307.73
774.586	314.89
774.814	322.06
775.042	427.72
775.269	320.27
775.497	243.26
775.725	275.5
775.952	271.91
776.18	275.5
776.407	382.95
776.635	264.75
776.862	381.16
777.09	347.13
777.317	270.12
777.544	205.65
777.772	322.06
777.999	255.8
778.227	262.96
778.454	243.26
778.681	350.71
778.908	289.82
779.136	261.17
779.363	271.91
779.59	275.5
779.817	311.31
780.045	270.12
780.272	277.29
780.499	257.59
780.726	280.87
780.953	327.43
781.18	218.19
781.407	236.1
781.634	307.73
781.861	205.65
782.088	236.1
782.315	298.78
782.542	182.37
782.769	268.33
782.996	393.69
783.223	264.75
783.45	207.44
783.677	291.61
783.904	288.03
784.13	261.17
784.357	271.91
784.584	221.77
784.811	185.95
785.038	262.96
785.264	237.89
785.491	182.37
785.718	160.88
785.944	214.61
786.171	239.68
786.398	259.38
786.624	169.83
786.851	180.58
787.077	236.1
787.304	255.8
787.53	245.05
787.757	261.17
787.983	348.92
788.21	203.86
788.436	239.68
788.663	191.32
788.889	245.05
789.115	182.37
789.342	241.47
789.568	216.4
789.794	232.51
790.021	298.78
790.247	266.54
790.473	246.84
790.699	123.27
790.926	252.21
791.152	121.48
791.378	119.69
791.604	148.34
791.83	105.36
792.056	94.62
792.282	243.26
792.508	207.44
792.735	296.99
792.961	164.46
793.187	191.32
793.413	128.64
793.638	164.46
793.864	119.69
794.09	150.13
794.316	207.44
794.542	271.91
794.768	121.48
794.994	114.32
795.22	128.64
795.445	207.44
795.671	182.37
795.897	178.79
796.123	96.41
796.348	232.51
796.574	225.35
796.8	126.85
797.025	254
797.251	184.16
797.477	76.71
797.702	83.87
797.928	214.61
798.153	198.49
798.379	117.9
798.604	221.77
798.83	85.66
799.055	178.79
799.281	250.42
799.506	126.85
799.732	135.81
799.957	99.99
800.182	128.64
800.408	243.26
800.633	232.51
800.858	164.46
801.084	168.04
801.309	207.44
801.534	89.24
801.759	108.94
801.985	171.62
802.21	73.13
802.435	264.75
802.66	80.29
802.885	98.2
803.11	135.81
803.335	87.45
803.561	107.15
803.786	134.02
804.011	46.26
804.236	-7.46
804.461	119.69
804.685	78.5
804.91	243.26
805.135	162.67
805.36	121.48
805.585	46.26
805.81	221.77
806.035	96.41
806.26	175.21
806.484	89.24
806.709	227.14
806.934	85.66
807.159	134.02
807.383	137.6
807.608	166.25
807.833	89.24
808.057	164.46
808.282	293.4
808.507	162.67
808.731	177
808.956	169.83
809.18	121.48
809.405	114.32
809.629	96.41
809.854	57.01
810.078	14.03
810.303	57.01
810.527	53.43
810.751	-37.91
810.976	53.43
811.2	128.64
811.425	46.26
811.649	130.43
811.873	60.59
812.097	130.43
812.322	103.57
812.546	108.94
812.77	87.45
812.994	94.62
813.219	65.96
813.443	137.6
813.667	83.87
813.891	48.05
814.115	112.53
814.339	148.34
814.563	108.94
814.787	-21.79
815.011	121.48
815.235	96.41
815.459	46.26
815.683	33.73
815.907	39.1
816.131	117.9
816.355	87.45
816.579	26.56
816.802	39.1
817.026	-2.09
817.25	83.87
817.474	126.85
817.698	-7.46
817.921	98.2
818.145	6.86
818.369	71.34
818.592	160.88
818.816	182.37
819.04	74.92
819.263	135.81
819.487	60.59
819.71	26.56
819.934	83.87
820.158	177
820.381	96.41
820.605	83.87
820.828	49.85
821.051	21.19
821.275	82.08
821.498	44.47
821.722	71.34
821.945	-11.04
822.168	78.5
822.392	-12.83
822.615	119.69
822.838	78.5
823.061	105.36
823.285	28.36
823.508	159.09
823.731	117.9
823.954	-32.53
824.177	31.94
824.401	35.52
824.624	58.8
824.847	5.07
825.07	73.13
825.293	-41.49
825.516	-43.28
825.739	48.05
825.962	-25.37
826.185	101.78
826.408	101.78
826.631	21.19
826.854	49.85
827.077	37.31
827.299	94.62
827.522	58.8
827.745	42.68
827.968	-11.04
828.191	126.85
828.413	51.64
828.636	-41.49
828.859	31.94
829.082	105.36
829.304	24.77
829.527	148.34
829.75	94.62
829.972	51.64
830.195	21.19
830.417	69.55
830.64	39.1
830.862	83.87
831.085	80.29
831.307	67.75
831.53	-89.84
831.752	-34.32
831.975	142.97
832.197	123.27
832.42	51.64
832.642	37.31
832.864	-45.07
833.087	-46.86
833.309	44.47
833.531	83.87
833.753	1.49
833.976	10.45
834.198	83.87
834.42	87.45
834.642	82.08
834.864	33.73
835.086	91.04
835.309	46.26
835.531	33.73
835.753	40.89
835.975	182.37
836.197	85.66
836.419	15.82
836.641	35.52
836.863	-3.88
837.085	-16.42
837.307	164.46
837.529	22.98
837.75	31.94
837.972	-2.09
838.194	-21.79
838.416	78.5
838.638	-123.87
838.859	155.51
839.081	-28.95
839.303	14.03
839.525	-28.95
839.746	92.83
839.968	96.41
840.19	99.99
840.411	21.19
840.633	49.85
840.855	142.97
841.076	91.04
841.298	53.43
841.519	125.06
841.741	31.94
841.962	103.57
842.184	-43.28
842.405	-30.74
842.626	-12.83
842.848	-16.42
843.069	108.94
843.291	-39.7
843.512	-21.79
843.733	-52.23
843.955	-64.77
844.176	55.22
844.397	62.38
844.618	78.5
844.839	53.43
845.061	49.85
845.282	64.17
845.503	31.94
845.724	78.5
845.945	19.4
846.166	74.92
846.387	74.92
846.608	144.76
846.829	57.01
847.05	139.39
847.271	173.42
847.492	105.36
847.713	33.73
847.934	3.28
848.155	-59.4
848.376	91.04
848.597	17.61
848.818	67.75
849.038	62.38
849.259	-64.77
849.48	35.52
849.701	15.82
849.921	-2.09
850.142	28.36
850.363	64.17
850.584	-93.42
850.804	26.56
851.025	-7.46
851.245	153.72
851.466	-46.86
851.687	3.28
851.907	42.68
852.128	78.5
852.348	40.89
852.569	51.64
852.789	33.73
853.009	42.68
853.23	49.85
853.45	-0.3
853.671	37.31
853.891	57.01
854.111	89.24
854.332	-32.53
854.552	-25.37
854.772	26.56
854.992	-64.77
855.213	1.49
855.433	12.24
855.653	55.22
855.873	49.85
856.093	-3.88
856.313	73.13
856.533	53.43
856.753	82.08
856.974	24.77
857.194	51.64
857.414	-113.12
857.634	-66.56
857.854	205.65
858.073	-105.96
858.293	-23.58
858.513	-20
858.733	49.85
858.953	-97.01
859.173	105.36
859.393	-18.21
859.612	-34.32
859.832	-18.21
860.052	112.53
860.272	-0.3
860.491	55.22
860.711	-77.31
860.931	65.96
861.15	89.24
861.37	-54.02
861.59	28.36
861.809	19.4
862.029	98.2
862.248	-16.42
862.468	166.25
862.687	60.59
862.907	-57.61
863.126	71.34
863.346	110.74
863.565	-84.47
863.785	-12.83
864.004	-111.33
864.223	39.1
864.443	19.4
864.662	1.49
864.881	37.31
865.1	-27.16
865.32	-34.32
865.539	-11.04
865.758	44.47
865.977	-120.29
866.196	-30.74
866.416	58.8
866.635	15.82
866.854	-41.49
867.073	-9.25
867.292	-39.7
867.511	8.66
867.73	69.55
867.949	80.29
868.168	21.19
868.387	22.98
868.606	1.49
868.825	28.36
869.044	-9.25
869.262	31.94
869.481	-116.7
869.7	-23.58
869.919	31.94
870.138	42.68
870.356	5.07
870.575	-50.44
870.794	64.17
871.013	-34.32
871.231	-21.79
871.45	-43.28
871.668	17.61
871.887	31.94
872.106	12.24
872.324	92.83
872.543	64.17
872.761	-2.09
872.98	-5.67
873.198	10.45
873.417	6.86
873.635	64.17
873.854	60.59
874.072	12.24
874.29	76.71
874.509	-7.46
874.727	-79.1
874.945	26.56
875.164	-107.75
875.382	110.74
875.6	14.03
875.818	82.08
876.037	64.17
876.255	14.03
876.473	69.55
876.691	24.77
876.909	83.87
877.127	17.61
877.345	82.08
877.563	-50.44
877.781	-34.32
877.999	89.24
878.217	62.38
878.435	-55.82
878.653	6.86
878.871	12.24
879.089	26.56
879.307	96.41
879.525	48.05
879.743	14.03
879.96	-7.46
880.178	-75.51
880.396	5.07
880.614	31.94
880.832	60.59
881.049	92.83
881.267	1.49
881.485	-11.04
881.702	-88.05
881.92	-34.32
882.137	6.86
882.355	19.4
882.573	-109.54
882.79	-57.61
883.008	40.89
883.225	99.99
883.443	-32.53
883.66	-0.3
883.877	-3.88
884.095	74.92
884.312	-28.95
884.53	62.38
884.747	31.94
884.964	-41.49
885.182	40.89
885.399	46.26
885.616	-50.44
885.833	-88.05
886.051	26.56
886.268	-57.61
886.485	33.73
886.702	-28.95
886.919	-68.35
887.136	35.52
887.353	39.1
887.57	85.66
887.788	-21.79
888.005	19.4
888.222	-104.17
888.439	48.05
888.655	39.1
888.872	14.03
889.089	35.52
889.306	8.66
889.523	71.34
889.74	65.96
889.957	-86.26
890.174	64.17
890.39	44.47
890.607	28.36
890.824	-62.98
891.041	-79.1
891.257	64.17
891.474	5.07
891.691	-75.51
891.907	-23.58
892.124	-68.35
892.34	31.94
892.557	92.83
892.774	22.98
892.99	24.77
893.207	19.4
893.423	51.64
893.64	53.43
893.856	-37.91
894.072	98.2
894.289	6.86
894.505	73.13
894.722	-70.14
894.938	-100.59
895.154	-7.46
895.37	71.34
895.587	-55.82
895.803	-5.67
896.019	-93.42
896.235	46.26
896.452	-125.66
896.668	-45.07
896.884	15.82
897.1	42.68
897.316	69.55
897.532	26.56
897.748	-7.46
897.964	26.56
898.18	6.86
898.396	49.85
898.612	-7.46
898.828	-32.53
899.044	-11.04
899.26	46.26
899.476	82.08
899.692	21.19
899.908	-34.32
900.123	-5.67
900.339	30.15
900.555	37.31
900.771	28.36
900.986	-45.07
901.202	-52.23
901.418	162.67
901.633	33.73
901.849	31.94
902.065	164.46
902.28	196.7
902.496	-0.3
902.711	-57.61
902.927	62.38
903.143	-0.3
903.358	69.55
903.573	60.59
903.789	10.45
904.004	53.43
904.22	-64.77
904.435	-82.68
904.651	33.73
904.866	-45.07
905.081	-120.29
905.296	49.85
905.512	37.31
905.727	-32.53
905.942	-32.53
906.157	-23.58
906.373	85.66
906.588	151.93
906.803	19.4
907.018	44.47
907.233	-32.53
907.448	-43.28
907.663	15.82
907.878	28.36
908.093	62.38
908.308	-77.31
908.523	-161.48
908.738	8.66
908.953	39.1
909.168	49.85
909.383	-5.67
909.598	-45.07
909.813	55.22
910.027	26.56
910.242	24.77
910.457	26.56
910.672	3.28
910.887	-46.86
911.101	-54.02
911.316	-2.09
911.531	-28.95
911.745	-77.31
911.96	-30.74
912.174	-30.74
912.389	64.17
912.604	89.24
912.818	-59.4
913.033	78.5
913.247	-25.37
913.462	67.75
913.676	-2.09
913.89	-61.19
914.105	-50.44
914.319	-20
914.534	26.56
914.748	-3.88
914.962	1.49
915.177	6.86
915.391	-5.67
915.605	-57.61
915.819	-55.82
916.034	130.43
916.248	31.94
916.462	26.56
916.676	-21.79
916.89	-59.4
917.104	44.47
917.318	37.31
917.532	-36.12
917.746	150.13
917.96	-100.59
918.174	-62.98
918.388	12.24
918.602	-21.79
918.816	-39.7
919.03	-54.02
919.244	-12.83
919.458	-97.01
919.672	-28.95
919.886	40.89
920.099	83.87
920.313	-12.83
920.527	-41.49
920.741	14.03
920.954	53.43
921.168	60.59
921.382	22.98
921.595	101.78
921.809	-82.68
922.023	-5.67
922.236	-45.07
922.45	-55.82
922.663	37.31
922.877	51.64
923.09	-59.4
923.304	-14.63
923.517	-30.74
923.731	-20
923.944	-62.98
924.157	-7.46
924.371	10.45
924.584	31.94
924.797	-113.12
925.011	-77.31
925.224	89.24
925.437	-23.58
925.65	55.22
925.864	-45.07
926.077	-77.31
926.29	33.73
926.503	28.36
926.716	71.34
926.929	17.61
927.142	-59.4
927.355	-43.28
927.568	10.45
927.781	-3.88
927.994	-34.32
928.207	-3.88
928.42	-3.88
928.633	8.66
928.846	62.38
929.059	-73.72
929.272	12.24
929.485	-12.83
929.697	-2.09
929.91	35.52
930.123	-75.51
930.336	-82.68
930.549	15.82
930.761	-46.86
930.974	-0.3
931.187	-2.09
931.399	44.47
931.612	1.49
931.824	-59.4
932.037	6.86
932.249	-28.95
932.462	-41.49
932.675	-12.83
932.887	-21.79
933.099	14.03
933.312	-43.28
933.524	-34.32
933.737	15.82
933.949	10.45
934.161	-75.51
934.374	-0.3
934.586	55.22
934.798	-2.09
935.011	-20
935.223	15.82
935.435	14.03
935.647	-68.35
935.859	-25.37
936.072	-131.03
936.284	108.94
936.496	57.01
936.708	22.98
936.92	-120.29
937.132	17.61
937.344	37.31
937.556	42.68
937.768	22.98
937.98	37.31
938.192	-91.63
938.404	15.82
938.616	60.59
938.828	105.36
939.039	44.47
939.251	-55.82
939.463	-34.32
939.675	-34.32
939.887	60.59
940.098	-102.38
940.31	5.07
940.522	-30.74
940.733	40.89
940.945	83.87
941.157	-54.02
941.368	-3.88
941.58	99.99
941.791	3.28
942.003	-43.28
942.214	44.47
942.426	-116.7
942.637	-0.3
942.849	44.47
943.06	42.68
943.272	5.07
943.483	10.45
943.694	49.85
943.906	-116.7
944.117	-25.37
944.328	-71.93
944.54	-16.42
944.751	17.61
944.962	17.61
945.173	-12.83
945.384	14.03
945.596	-86.26
945.807	-20
946.018	-12.83
946.229	-123.87
946.44	-64.77
946.651	39.1
946.862	-70.14
947.073	58.8
947.284	35.52
947.495	-93.42
947.706	48.05
947.917	98.2
948.128	62.38
948.339	-36.12
948.549	-0.3
948.76	35.52
948.971	21.19
949.182	-86.26
949.393	-36.12
949.603	-104.17
949.814	-97.01
950.025	-39.7
950.235	-97.01
950.446	-64.77
950.657	22.98
950.867	-66.56
951.078	-48.65
951.288	5.07
951.499	-39.7
951.709	8.66
951.92	-32.53
952.13	22.98
952.341	-54.02
952.551	-45.07
952.762	-73.72
952.972	-52.23
953.182	-80.89
953.393	-37.91
953.603	-71.93
953.813	-36.12
954.024	-0.3
954.234	39.1
954.444	-18.21
954.654	60.59
954.865	-86.26
955.075	24.77
955.285	119.69
955.495	-113.12
955.705	-34.32
955.915	53.43
956.125	58.8
956.335	-7.46
956.545	-113.12
956.755	184.16
956.965	-66.56
957.175	37.31
957.385	-104.17
957.595	1.49
957.805	64.17
958.015	21.19
958.224	-95.21
958.434	69.55
958.644	-109.54
958.854	-125.66
959.064	3.28
959.273	17.61
959.483	-11.04
959.693	-50.44
959.902	-55.82
960.112	-41.49
960.322	33.73
960.531	-34.32
960.741	49.85
960.95	1.49
961.16	-59.4
961.369	24.77
961.579	-23.58
961.788	-79.1
961.998	-48.65
962.207	89.24
962.416	-62.98
962.626	17.61
962.835	-3.88
963.044	40.89
963.254	-138.2
963.463	-62.98
963.672	-70.14
963.881	44.47
964.091	-21.79
964.3	-39.7
964.509	-59.4
964.718	-9.25
964.927	69.55
965.136	128.64
965.345	-20
965.554	-18.21
965.763	-61.19
965.972	46.26
966.181	96.41
966.39	-95.21
966.599	83.87
966.808	30.15
967.017	-70.14
967.226	-52.23
967.435	42.68
967.644	-3.88
967.852	73.13
968.061	12.24
968.27	74.92
968.479	-89.84
968.687	80.29
968.896	33.73
969.105	-39.7
969.313	5.07
969.522	-41.49
969.731	55.22
969.939	-25.37
970.148	87.45
970.356	96.41
970.565	-66.56
970.773	21.19
970.982	80.29
971.19	-62.98
971.399	-30.74
971.607	-18.21
971.815	-28.95
972.024	101.78
972.232	19.4
972.44	-25.37
972.649	19.4
972.857	-71.93
973.065	62.38
973.273	31.94
973.482	44.47
973.69	-50.44
973.898	-75.51
974.106	60.59
974.314	-77.31
974.522	22.98
974.73	71.34
974.938	-12.83
975.146	-20
975.354	37.31
975.562	33.73
975.77	-147.15
975.978	48.05
976.186	-116.7
976.394	44.47
976.602	96.41
976.81	-98.8
977.018	67.75
977.225	10.45
977.433	-16.42
977.641	44.47
977.849	-70.14
978.056	101.78
978.264	-37.91
978.472	21.19
978.679	5.07
978.887	65.96
979.094	40.89
979.302	17.61
979.51	-122.08
979.717	-93.42
979.925	-70.14
980.132	17.61
980.339	-16.42
980.547	-39.7
980.754	-0.3
980.962	-30.74
981.169	-20
981.376	74.92
981.584	-2.09
981.791	35.52
981.998	-97.01
982.206	-16.42
982.413	83.87
982.62	17.61
982.827	-111.33
983.034	44.47
983.242	-175.8
983.449	-32.53
983.656	-166.85
983.863	65.96
984.07	-91.63
984.277	-88.05
984.484	26.56
984.691	-54.02
984.898	-59.4
985.105	-37.91
985.312	-132.82
985.519	-64.77
985.725	33.73
985.932	-68.35
986.139	6.86
986.346	15.82
986.553	35.52
986.759	-129.24
986.966	-9.25
987.173	49.85
987.38	-77.31
987.586	39.1
987.793	-28.95
988	-100.59
988.206	-75.51
988.413	-45.07
988.619	26.56
988.826	-71.93
989.032	96.41
989.239	40.89
989.445	-57.61
989.652	-7.46
989.858	-100.59
990.064	26.56
990.271	6.86
990.477	-0.3
990.684	21.19
990.89	-25.37
991.096	67.75
991.302	28.36
991.509	-104.17
991.715	-14.63
991.921	-48.65
992.127	44.47
992.333	-136.4
992.539	-84.47
992.746	35.52
992.952	-116.7
993.158	-59.4
993.364	3.28
993.57	-84.47
993.776	-86.26
993.982	-43.28
994.188	39.1
994.394	-73.72
994.599	-2.09
994.805	-43.28
995.011	-21.79
995.217	-9.25
995.423	-46.86
995.629	24.77
995.834	-43.28
996.04	-107.75
996.246	-89.84
996.452	22.98
996.657	5.07
996.863	-165.06
997.068	-50.44
997.274	-20
997.48	33.73
997.685	-68.35
997.891	-82.68
998.096	-46.86
998.302	-16.42
998.507	-46.86
998.713	76.71
998.918	-66.56
999.123	-45.07
999.329	-3.88
999.534	-116.7
999.74	-71.93
999.945	-54.02
1000.15	17.61
1000.355	-30.74
1000.561	82.08
1000.766	-57.61
1000.971	-62.98
1001.176	-37.91
1001.381	67.75
1001.586	30.15
1001.792	-54.02
1001.997	19.4
1002.202	53.43
1002.407	-16.42
1002.612	73.13
1002.817	-34.32
1003.022	-64.77
1003.227	37.31
1003.432	99.99
1003.637	-41.49
1003.841	-48.65
1004.046	-28.95
1004.251	-30.74
1004.456	-71.93
1004.661	-5.67
1004.865	-45.07
1005.07	28.36
1005.275	82.08
1005.48	-111.33
1005.684	22.98
1005.889	-32.53
1006.094	21.19
1006.298	-27.16
1006.503	8.66
1006.707	-9.25
1006.912	-27.16
1007.116	-32.53
1007.321	-37.91
1007.525	19.4
1007.73	-64.77
1007.934	-20
1008.139	-41.49
1008.343	-28.95
1008.547	-14.63
1008.752	-89.84
1008.956	-55.82
1009.16	-113.12
1009.364	-86.26
1009.569	78.5
1009.773	-45.07
1009.977	58.8
1010.181	-55.82
1010.385	-0.3
1010.589	-46.86
1010.794	-79.1
1010.998	-52.23
1011.202	62.38
1011.406	64.17
1011.61	-102.38
1011.814	-107.75
1012.018	-54.02
1012.222	-32.53
1012.426	-82.68
1012.629	-3.88
1012.833	-93.42
1013.037	-41.49
1013.241	-80.89
1013.445	-55.82
1013.649	-84.47
1013.852	53.43
1014.056	37.31
1014.26	-46.86
1014.463	-34.32
1014.667	-20
1014.871	5.07
1015.074	-159.69
1015.278	30.15
1015.482	-102.38
1015.685	44.47
1015.889	-79.1
1016.092	-136.4
1016.296	-73.72
1016.499	74.92
1016.703	-12.83
1016.906	-82.68
1017.109	-0.3
1017.313	-104.17
1017.516	19.4
1017.719	-27.16
1017.923	1.49
1018.126	-21.79
1018.329	-62.98
1018.532	-50.44
1018.736	26.56
1018.939	5.07
1019.142	-14.63
1019.345	-84.47
1019.548	-104.17
1019.751	6.86
1019.954	14.03
1020.157	-61.19
1020.361	-34.32
1020.564	-102.38
1020.766	10.45
1020.969	160.88
1021.172	-34.32
1021.375	-98.8
1021.578	-68.35
1021.781	-23.58
1021.984	-12.83
1022.187	-5.67
1022.389	40.89
1022.592	69.55
1022.795	28.36
1022.998	-48.65
1023.2	-2.09
1023.403	-97.01
1023.606	-107.75
1023.808	-32.53
1024.011	30.15
1024.214	6.86
1024.416	1.49
1024.619	-79.1
1024.821	-34.32
1025.024	105.36
1025.226	-28.95
1025.429	-80.89
1025.631	-46.86
1025.833	55.22
1026.036	-28.95
1026.238	-32.53
1026.441	-14.63
1026.643	69.55
1026.845	-28.95
1027.047	-3.88
1027.25	-70.14
1027.452	-11.04
1027.654	64.17
1027.856	-46.86
1028.058	-55.82
1028.261	-134.61
1028.463	-123.87
1028.665	-28.95
1028.867	-23.58
1029.069	-41.49
1029.271	-20
1029.473	31.94
1029.675	-14.63
1029.877	-18.21
1030.079	-62.98
1030.281	-37.91
1030.482	-37.91
1030.684	-50.44
1030.886	33.73
1031.088	-52.23
1031.29	10.45
1031.491	-97.01
1031.693	-18.21
1031.895	31.94
1032.097	-18.21
1032.298	-109.54
1032.5	-9.25
1032.701	-77.31
1032.903	22.98
1033.105	15.82
1033.306	-3.88
1033.508	-54.02
1033.709	-34.32
1033.911	-5.67
1034.112	-34.32
1034.314	-16.42
1034.515	40.89
1034.716	-52.23
1034.918	-20
1035.119	8.66
1035.32	-57.61
1035.522	-0.3
1035.723	125.06
1035.924	-41.49
1036.125	-70.14
1036.327	-93.42
1036.528	-7.46
1036.729	-113.12
1036.93	30.15
1037.131	-102.38
1037.332	10.45
1037.533	17.61
1037.734	-102.38
1037.935	-80.89
1038.136	-93.42
1038.337	12.24
1038.538	-73.72
1038.739	-54.02
1038.94	-3.88
1039.141	-125.66
1039.342	-104.17
1039.543	-89.84
1039.744	26.56
1039.944	-127.45
1040.145	-9.25
1040.346	-62.98
1040.547	22.98
1040.747	-97.01
1040.948	-34.32
1041.149	-43.28
1041.349	15.82
1041.55	-109.54
1041.75	12.24
1041.951	-52.23
1042.152	42.68
1042.352	-5.67
1042.553	-132.82
1042.753	-107.75
1042.953	21.19
1043.154	-89.84
1043.354	8.66
1043.555	-70.14
1043.755	-7.46
1043.955	-50.44
1044.156	-20
1044.356	-80.89
1044.556	-70.14
1044.756	-97.01
1044.957	-50.44
1045.157	-98.8
1045.357	-93.42
1045.557	-84.47
1045.757	-16.42
1045.957	-3.88
1046.157	-16.42
1046.357	-104.17
1046.557	26.56
1046.757	-46.86
1046.957	-48.65
1047.157	14.03
1047.357	-134.61
1047.557	-28.95
1047.757	-141.78
1047.957	-41.49
1048.157	-54.02
1048.356	-62.98
1048.556	-36.12
1048.756	-2.09
1048.956	-12.83
1049.156	-23.58
1049.355	-30.74
1049.555	-57.61
1049.755	10.45
1049.954	-98.8
1050.154	74.92
1050.353	-3.88
1050.553	117.9
1050.752	-127.45
1050.952	44.47
1051.151	-12.83
1051.351	-37.91
1051.55	-9.25
1051.75	-2.09
1051.949	1.49
1052.148	144.76
1052.348	6.86
1052.547	10.45
1052.746	-50.44
1052.946	-5.67
1053.145	-163.27
1053.344	-28.95
1053.543	-95.21
1053.743	-7.46
1053.942	-48.65
1054.141	30.15
1054.34	-139.99
1054.539	-97.01
1054.738	6.86
1054.937	-59.4
1055.136	-116.7
1055.335	-80.89
1055.534	-9.25
1055.733	-54.02
1055.932	-54.02
1056.131	-54.02
