194.216	-326.24
194.484	-326.24
194.753	-326.24
195.022	-304.75
195.29	30.15
195.559	82.08
195.827	-54.02
196.096	55.22
196.364	-23.58
196.633	-21.79
196.901	-95.21
197.17	12.24
197.438	26.56
197.706	69.55
197.975	21.19
198.243	-141.78
198.512	69.55
198.78	-12.83
199.048	-70.14
199.317	-39.7
199.585	71.34
199.853	130.43
200.122	46.26
200.39	110.74
200.658	-30.74
200.926	28.36
201.195	46.26
201.463	-88.05
201.731	55.22
201.999	-34.32
202.267	-3.88
202.536	1.49
202.804	105.36
203.072	26.56
203.34	28.36
203.608	48.05
203.876	35.52
204.144	44.47
204.412	-202.67
204.68	31.94
204.948	19.4
205.216	17.61
205.484	39.1
205.752	48.05
206.02	40.89
206.288	58.8
206.556	-55.82
206.824	80.29
207.092	-2.09
207.36	33.73
207.628	71.34
207.896	49.85
208.164	82.08
208.431	44.47
208.699	-48.65
208.967	-54.02
209.235	96.41
209.503	83.87
209.77	-36.12
210.038	-104.17
210.306	12.24
210.573	73.13
210.841	-27.16
211.109	46.26
211.377	26.56
211.644	5.07
211.912	3.28
212.179	35.52
212.447	-91.63
212.715	-27.16
212.982	144.76
213.25	101.78
213.517	17.61
213.785	71.34
214.052	-97.01
214.32	10.45
214.587	10.45
214.855	26.56
215.122	-28.95
215.39	144.76
215.657	-77.31
215.925	5.07
216.192	-52.23
216.459	39.1
216.727	85.66
216.994	-68.35
217.261	58.8
217.529	15.82
217.796	69.55
218.063	64.17
218.331	37.31
218.598	49.85
218.865	82.08
219.132	-23.58
219.399	49.85
219.667	-46.86
219.934	6.86
220.201	-2.09
220.468	-41.49
220.735	-32.53
221.002	87.45
221.27	-7.46
221.537	15.82
221.804	28.36
222.071	-5.67
222.338	114.32
222.605	35.52
222.872	-39.7
223.139	49.85
223.406	67.75
223.673	117.9
223.94	-11.04
224.207	98.2
224.474	71.34
224.741	1.49
225.007	-77.31
225.274	40.89
225.541	76.71
225.808	-79.1
226.075	35.52
226.342	-43.28
226.609	-27.16
226.875	-5.67
227.142	24.77
227.409	-43.28
227.676	110.74
227.942	110.74
228.209	-61.19
228.476	26.56
228.742	-107.75
229.009	-9.25
229.276	44.47
229.542	-30.74
229.809	-27.16
230.076	10.45
230.342	8.66
230.609	28.36
230.875	159.09
231.142	71.34
231.408	1.49
231.675	31.94
231.941	21.19
232.208	28.36
232.474	39.1
232.741	10.45
233.007	-34.32
233.274	168.04
233.54	-0.3
233.807	-45.07
234.073	-20
234.339	39.1
234.606	137.6
234.872	53.43
235.138	37.31
235.405	28.36
235.671	94.62
235.937	21.19
236.203	1.49
236.47	-11.04
236.736	42.68
237.002	-18.21
237.268	17.61
237.535	49.85
237.801	76.71
238.067	17.61
238.333	98.2
238.599	30.15
238.865	-61.19
239.131	26.56
239.397	94.62
239.663	-77.31
239.929	64.17
240.195	37.31
240.462	144.76
240.728	-14.63
240.993	35.52
241.259	175.21
241.525	135.81
241.791	-39.7
242.057	46.26
242.323	-79.1
242.589	-23.58
242.855	114.32
243.121	-9.25
243.387	-66.56
243.652	117.9
243.918	83.87
244.184	-57.61
244.45	-5.67
244.716	83.87
244.981	-2.09
245.247	12.24
245.513	28.36
245.779	57.01
246.044	105.36
246.31	91.04
246.576	48.05
246.841	74.92
247.107	-36.12
247.373	-30.74
247.638	259.38
247.904	141.18
248.169	112.53
248.435	10.45
248.7	-5.67
248.966	35.52
249.231	26.56
249.497	-5.67
249.762	141.18
250.028	92.83
250.293	-71.93
250.559	12.24
250.824	-43.28
251.09	108.94
251.355	135.81
251.62	92.83
251.886	-16.42
252.151	78.5
252.416	35.52
252.682	17.61
252.947	121.48
253.212	19.4
253.477	-14.63
253.743	142.97
254.008	62.38
254.273	28.36
254.538	116.11
254.804	57.01
255.069	24.77
255.334	33.73
255.599	-64.77
255.864	-21.79
256.129	74.92
256.394	55.22
256.659	-131.03
256.925	3.28
257.19	6.86
257.455	40.89
257.72	94.62
257.985	98.2
258.25	126.85
258.515	74.92
258.78	-2.09
259.044	14.03
259.309	-113.12
259.574	-9.25
259.839	141.18
260.104	76.71
260.369	-11.04
260.634	64.17
260.899	30.15
261.163	-20
261.428	-45.07
261.693	30.15
261.958	46.26
262.223	-100.59
262.487	-64.77
262.752	33.73
263.017	49.85
263.281	48.05
263.546	-50.44
263.811	28.36
264.075	69.55
264.34	-71.93
264.605	62.38
264.869	228.93
265.134	-7.46
265.398	26.56
265.663	78.5
265.927	166.25
266.192	60.59
266.457	78.5
266.721	44.47
266.985	42.68
267.25	-0.3
267.514	26.56
267.779	35.52
268.043	35.52
268.308	-46.86
268.572	3.28
268.836	40.89
269.101	49.85
269.365	6.86
269.629	98.2
269.894	91.04
270.158	33.73
270.422	-7.46
270.687	-28.95
270.951	26.56
271.215	-16.42
271.479	40.89
271.743	-46.86
272.008	-11.04
272.272	33.73
272.536	40.89
272.8	8.66
273.064	40.89
273.328	80.29
273.592	19.4
273.856	134.02
274.12	-75.51
274.385	-48.65
274.649	-0.3
274.913	44.47
275.177	-141.78
275.441	26.56
275.704	-0.3
275.968	121.48
276.232	35.52
276.496	-71.93
276.76	-30.74
277.024	-7.46
277.288	6.86
277.552	31.94
277.816	-54.02
278.079	76.71
278.343	46.26
278.607	107.15
278.871	126.85
279.135	51.64
279.398	-34.32
279.662	48.05
279.926	-79.1
280.189	130.43
280.453	-0.3
280.717	64.17
280.98	19.4
281.244	14.03
281.508	132.23
281.771	3.28
282.035	14.03
282.298	198.49
282.562	57.01
282.826	-16.42
283.089	40.89
283.353	103.57
283.616	30.15
283.88	-0.3
284.143	55.22
284.407	-5.67
284.67	-2.09
284.933	135.81
285.197	-89.84
285.46	69.55
285.724	-32.53
285.987	184.16
286.25	-0.3
286.514	155.51
286.777	44.47
287.04	40.89
287.303	1.49
287.567	-68.35
287.83	12.24
288.093	46.26
288.356	-41.49
288.62	-7.46
288.883	98.2
289.146	108.94
289.409	-34.32
289.672	49.85
289.935	31.94
290.198	33.73
290.461	99.99
290.725	28.36
290.988	-64.77
291.251	-37.91
291.514	-91.63
291.777	24.77
292.04	28.36
292.303	-18.21
292.566	-12.83
292.829	85.66
293.091	108.94
293.354	114.32
293.617	12.24
293.88	35.52
294.143	-43.28
294.406	78.5
294.669	3.28
294.932	-2.09
295.194	3.28
295.457	142.97
295.72	286.24
295.983	581.73
296.245	535.17
296.508	531.59
296.771	615.76
297.034	522.63
297.296	82.08
297.559	187.74
297.822	42.68
298.084	178.79
298.347	-7.46
298.609	69.55
298.872	21.19
299.135	3.28
299.397	-100.59
299.66	-61.19
299.922	40.89
300.185	6.86
300.447	8.66
300.71	114.32
300.972	323.85
301.235	331.01
301.497	522.63
301.759	701.72
302.022	751.87
302.284	511.89
302.546	504.73
302.809	271.91
303.071	193.12
303.333	139.39
303.596	19.4
303.858	116.11
304.12	-3.88
304.383	28.36
304.645	-59.4
304.907	73.13
305.169	14.03
305.431	123.27
305.694	46.26
305.956	91.04
306.218	78.5
306.48	207.44
306.742	67.75
307.004	134.02
307.266	234.31
307.528	325.64
307.79	261.17
308.052	280.87
308.314	209.23
308.576	327.43
308.838	259.38
309.1	356.08
309.362	157.3
309.624	311.31
309.886	227.14
310.148	228.93
310.41	266.54
310.672	329.22
310.934	628.3
311.196	1305.24
311.457	3173.12
311.719	5379.47
311.981	8491.99
312.243	11570.5
312.504	13148.25
312.766	12686.21
313.028	10888.18
313.29	8457.97
313.551	5289.92
313.813	3382.65
314.075	2299.18
314.336	1722.52
314.598	1015.12
314.86	581.73
315.121	515.47
315.383	286.24
315.644	227.14
315.906	98.2
316.167	171.62
316.429	164.46
316.69	78.5
316.952	112.53
317.213	91.04
317.475	200.28
317.736	150.13
317.998	60.59
318.259	80.29
318.521	151.93
318.782	189.53
319.043	117.9
319.305	15.82
319.566	189.53
319.827	92.83
320.089	-23.58
320.35	116.11
320.611	103.57
320.872	58.8
321.134	21.19
321.395	137.6
321.656	64.17
321.917	26.56
322.178	71.34
322.44	28.36
322.701	99.99
322.962	64.17
323.223	134.02
323.484	78.5
323.745	46.26
324.006	39.1
324.267	53.43
324.528	19.4
324.789	6.86
325.05	19.4
325.311	-2.09
325.572	116.11
325.833	51.64
326.094	85.66
326.355	108.94
326.616	58.8
326.877	60.59
327.138	57.01
327.398	60.59
327.659	121.48
327.92	10.45
328.181	-23.58
328.442	200.28
328.702	69.55
328.963	71.34
329.224	48.05
329.485	8.66
329.745	-25.37
330.006	101.78
330.267	74.92
330.527	108.94
330.788	3.28
331.049	55.22
331.309	39.1
331.57	123.27
331.83	71.34
332.091	-23.58
332.351	105.36
332.612	316.69
332.873	454.58
333.133	716.05
333.393	1176.3
333.654	1427.02
333.914	1507.61
334.175	1373.3
334.435	941.7
334.696	594.27
334.956	343.55
335.216	295.19
335.477	237.89
335.737	166.25
335.997	157.3
336.258	99.99
336.518	114.32
336.778	153.72
337.038	78.5
337.299	164.46
337.559	49.85
337.819	160.88
338.079	8.66
338.34	-11.04
338.6	67.75
338.86	114.32
339.12	91.04
339.38	85.66
339.64	15.82
339.9	187.74
340.16	150.13
340.42	65.96
340.68	64.17
340.94	21.19
341.2	82.08
341.46	3.28
341.72	46.26
341.98	67.75
342.24	24.77
342.5	116.11
342.76	-80.89
343.02	255.8
343.28	101.78
343.54	108.94
343.799	74.92
344.059	73.13
344.319	69.55
344.579	246.84
344.839	46.26
345.098	87.45
345.358	60.59
345.618	-41.49
345.878	48.05
346.137	119.69
346.397	89.24
346.657	169.83
346.916	49.85
347.176	123.27
347.435	22.98
347.695	198.49
347.955	12.24
348.214	85.66
348.474	-18.21
348.733	17.61
348.993	98.2
349.252	151.93
349.512	225.35
349.771	62.38
350.031	73.13
350.29	12.24
350.549	71.34
350.809	194.91
351.068	-23.58
351.328	121.48
351.587	209.23
351.846	103.57
352.106	6.86
352.365	33.73
352.624	78.5
352.883	6.86
353.143	15.82
353.402	200.28
353.661	37.31
353.92	125.06
354.179	125.06
354.439	110.74
354.698	42.68
354.957	49.85
355.216	33.73
355.475	62.38
355.734	-2.09
355.993	139.39
356.252	-7.46
356.511	162.67
356.77	33.73
357.029	169.83
357.288	12.24
357.547	89.24
357.806	119.69
358.065	187.74
358.324	137.6
358.583	184.16
358.842	30.15
359.101	91.04
359.36	110.74
359.619	121.48
359.877	151.93
360.136	193.12
360.395	65.96
360.654	180.58
360.913	103.57
361.171	135.81
361.43	64.17
361.689	139.39
361.947	221.77
362.206	291.61
362.465	382.95
362.723	436.67
362.982	685.6
363.241	1364.34
363.499	3608.3
363.758	9779.63
364.016	22285.25
364.275	32534.39
364.533	39697.86
364.792	41614.09
365.05	37840.73
365.309	28470.91
365.567	20009.06
365.826	15037.61
366.084	11221.28
366.343	8443.64
366.601	5904.19
366.86	3950.35
367.118	2424.54
367.376	1473.59
367.635	843.2
367.893	529.8
368.151	291.61
368.409	334.59
368.668	219.98
368.926	255.8
369.184	85.66
369.442	101.78
369.701	144.76
369.959	112.53
370.217	22.98
370.475	175.21
370.733	160.88
370.991	211.02
371.25	98.2
371.508	71.34
371.766	76.71
372.024	73.13
372.282	62.38
372.54	69.55
372.798	39.1
373.056	65.96
373.314	60.59
373.572	151.93
373.83	19.4
374.088	33.73
374.345	71.34
374.603	155.51
374.861	99.99
375.119	-20
375.377	37.31
375.635	6.86
375.893	98.2
376.15	64.17
376.408	60.59
376.666	121.48
376.924	132.23
377.181	101.78
377.439	117.9
377.697	202.07
377.954	71.34
378.212	12.24
378.47	42.68
378.727	44.47
378.985	-104.17
379.243	-7.46
379.5	30.15
379.758	203.86
380.015	89.24
380.273	5.07
380.53	42.68
380.788	160.88
381.045	30.15
381.303	40.89
381.56	73.13
381.818	67.75
382.075	-20
382.332	64.17
382.59	101.78
382.847	107.15
383.105	123.27
383.362	114.32
383.619	3.28
383.876	-68.35
384.134	53.43
384.391	-11.04
384.648	-18.21
384.905	91.04
385.163	-37.91
385.42	40.89
385.677	-48.65
385.934	180.58
386.191	-48.65
386.449	-23.58
386.706	30.15
386.963	-50.44
387.22	114.32
387.477	42.68
387.734	123.27
387.991	74.92
388.248	35.52
388.505	3.28
388.762	89.24
389.019	96.41
389.276	130.43
389.533	21.19
389.79	123.27
390.047	98.2
390.304	169.83
390.56	82.08
390.817	153.72
391.074	125.06
391.331	137.6
391.588	73.13
391.844	166.25
392.101	-41.49
392.358	-2.09
392.615	182.37
392.871	49.85
393.128	-3.88
393.385	46.26
393.641	144.76
393.898	141.18
394.155	150.13
394.411	98.2
394.668	216.4
394.925	293.4
395.181	22.98
395.438	-7.46
395.694	80.29
395.951	171.62
396.207	107.15
396.464	67.75
396.72	74.92
396.977	171.62
397.233	85.66
397.489	35.52
397.746	126.85
398.002	58.8
398.259	21.19
398.515	117.9
398.771	125.06
399.028	62.38
399.284	103.57
399.54	89.24
399.796	187.74
400.053	58.8
400.309	116.11
400.565	76.71
400.821	94.62
401.078	24.77
401.334	153.72
401.59	89.24
401.846	227.14
402.102	185.95
402.358	101.78
402.614	184.16
402.87	474.28
403.126	1176.3
403.382	3638.74
403.638	8284.25
403.894	12182.97
404.15	14845.99
404.406	15909.77
404.662	14047.27
404.918	10341.96
405.174	6803.21
405.43	4571.79
405.686	3230.43
405.942	2492.59
406.198	1713.56
406.454	1273.01
406.709	1253.31
406.965	1414.49
407.221	1167.35
407.477	1213.91
407.732	1004.38
407.988	844.99
408.244	599.64
408.5	375.78
408.755	205.65
409.011	300.57
409.267	228.93
409.522	123.27
409.778	137.6
410.033	144.76
410.289	107.15
410.545	82.08
410.8	78.5
411.056	53.43
411.311	99.99
411.567	214.61
411.822	26.56
412.078	107.15
412.333	-16.42
412.588	-21.79
412.844	42.68
413.099	108.94
413.355	71.34
413.61	62.38
413.865	-25.37
414.121	-7.46
414.376	128.64
414.631	178.79
414.887	381.16
415.142	631.88
415.397	662.32
415.652	719.63
415.907	547.71
416.163	465.33
416.418	332.8
416.673	288.03
416.928	180.58
417.183	155.51
417.438	67.75
417.693	262.96
417.949	171.62
418.204	207.44
418.459	227.14
418.714	288.03
418.969	585.32
419.224	852.15
419.479	723.21
419.734	714.26
419.989	608.6
420.243	538.75
420.498	390.11
420.753	339.97
421.008	194.91
421.263	185.95
421.518	78.5
421.773	194.91
422.027	33.73
422.282	228.93
422.537	39.1
422.792	96.41
423.047	42.68
423.301	44.47
423.556	-43.28
423.811	108.94
424.065	48.05
424.32	67.75
424.575	135.81
424.829	207.44
425.084	239.68
425.338	212.81
425.593	198.49
425.848	354.29
426.102	433.09
426.357	359.67
426.611	262.96
426.866	331.01
427.12	194.91
427.374	262.96
427.629	207.44
427.883	212.81
428.138	214.61
428.392	96.41
428.646	98.2
428.901	164.46
429.155	144.76
429.409	139.39
429.664	237.89
429.918	151.93
430.172	160.88
430.427	164.46
430.681	141.18
430.935	207.44
431.189	150.13
431.443	184.16
431.698	125.06
431.952	137.6
432.206	117.9
432.46	243.26
432.714	284.45
432.968	291.61
433.222	433.09
433.476	610.39
433.73	852.15
433.984	1076.01
434.238	1889.07
434.492	5442.15
434.746	13560.15
435	22797.44
435.254	29824.81
435.508	33988.57
435.762	33071.65
436.016	27167.16
436.27	18905.89
436.523	12874.25
436.777	8952.25
437.031	6445.03
437.285	4815.34
437.539	3534.87
437.792	2574.97
438.046	1634.76
438.3	997.21
438.553	690.98
438.807	302.36
439.061	237.89
439.314	135.81
439.568	228.93
439.822	187.74
440.075	128.64
440.329	175.21
440.582	110.74
440.836	31.94
441.09	92.83
441.343	89.24
441.597	69.55
441.85	187.74
442.103	159.09
442.357	31.94
442.61	58.8
442.864	33.73
443.117	74.92
443.371	125.06
443.624	48.05
443.877	-43.28
444.131	141.18
444.384	-2.09
444.637	48.05
444.89	137.6
445.144	-46.86
445.397	5.07
445.65	19.4
445.903	-20
446.157	21.19
446.41	94.62
446.663	101.78
446.916	112.53
447.169	-11.04
447.422	-25.37
447.675	-7.46
447.928	110.74
448.181	262.96
448.435	123.27
448.688	26.56
448.941	28.36
449.194	148.34
449.446	87.45
449.699	89.24
449.952	-16.42
450.205	99.99
450.458	230.72
450.711	82.08
450.964	69.55
451.217	151.93
451.47	78.5
451.722	85.66
451.975	-12.83
452.228	19.4
452.481	-7.46
452.733	164.46
452.986	-50.44
453.239	78.5
453.492	19.4
453.744	-39.7
453.997	175.21
454.25	24.77
454.502	6.86
454.755	80.29
455.007	-70.14
455.26	166.25
455.513	48.05
455.765	-3.88
456.018	64.17
456.27	31.94
456.523	-28.95
456.775	98.2
457.028	180.58
457.28	135.81
457.532	-2.09
457.785	78.5
458.037	177
458.29	74.92
458.542	71.34
458.794	48.05
459.047	78.5
459.299	144.76
459.551	116.11
459.803	117.9
460.056	87.45
460.308	57.01
460.56	-64.77
460.812	46.26
461.064	30.15
461.317	107.15
461.569	60.59
461.821	10.45
462.073	87.45
462.325	114.32
462.577	107.15
462.829	48.05
463.081	19.4
463.333	132.23
463.585	135.81
463.837	89.24
464.089	119.69
464.341	105.36
464.593	30.15
464.845	53.43
465.097	80.29
465.349	1.49
465.601	5.07
465.852	39.1
466.104	87.45
466.356	-0.3
466.608	-18.21
466.86	40.89
467.111	-30.74
467.363	135.81
467.615	-25.37
467.867	73.13
468.118	-48.65
468.37	65.96
468.622	49.85
468.873	37.31
469.125	57.01
469.376	146.55
469.628	103.57
469.88	71.34
470.131	114.32
470.383	24.77
470.634	108.94
470.886	69.55
471.137	-46.86
471.389	-64.77
471.64	33.73
471.892	107.15
472.143	-23.58
472.394	80.29
472.646	-14.63
472.897	51.64
473.148	60.59
473.4	-34.32
473.651	74.92
473.902	114.32
474.154	46.26
474.405	83.87
474.656	125.06
474.907	94.62
475.159	85.66
475.41	69.55
475.661	-34.32
475.912	155.51
476.163	31.94
476.414	64.17
476.665	19.4
476.917	10.45
477.168	-52.23
477.419	-12.83
477.67	-50.44
477.921	166.25
478.172	48.05
478.423	73.13
478.674	-0.3
478.925	82.08
479.176	107.15
479.426	137.6
479.677	71.34
479.928	60.59
480.179	37.31
480.43	214.61
480.681	49.85
480.932	103.57
481.182	48.05
481.433	121.48
481.684	67.75
481.935	24.77
482.185	48.05
482.436	148.34
482.687	85.66
482.937	37.31
483.188	51.64
483.439	123.27
483.689	94.62
483.94	103.57
484.19	-68.35
484.441	117.9
484.692	103.57
484.942	39.1
485.193	-148.94
485.443	108.94
485.694	76.71
485.944	26.56
486.194	137.6
486.445	71.34
486.695	6.86
486.946	148.34
487.196	148.34
487.446	103.57
487.697	92.83
487.947	-18.21
488.197	1.49
488.448	30.15
488.698	80.29
488.948	125.06
489.198	69.55
489.449	171.62
489.699	114.32
489.949	78.5
490.199	112.53
490.449	270.12
490.699	221.77
490.949	400.86
491.2	318.48
491.45	295.19
491.7	305.94
491.95	200.28
492.2	157.3
492.45	316.69
492.7	164.46
492.95	166.25
493.2	99.99
493.45	139.39
493.699	-36.12
493.949	39.1
494.199	-21.79
494.449	92.83
494.699	-41.49
494.949	96.41
495.199	266.54
495.448	64.17
495.698	71.34
495.948	78.5
496.198	69.55
496.447	128.64
496.697	-11.04
496.947	96.41
497.196	85.66
497.446	108.94
497.696	96.41
497.945	-84.47
498.195	98.2
498.444	82.08
498.694	-25.37
498.944	80.29
499.193	103.57
499.443	130.43
499.692	30.15
499.942	48.05
500.191	99.99
500.44	209.23
500.69	17.61
500.939	39.1
501.189	-41.49
501.438	146.55
501.687	6.86
501.937	119.69
502.186	-41.49
502.435	96.41
502.685	-23.58
502.934	85.66
503.183	26.56
503.432	132.23
503.682	22.98
503.931	91.04
504.18	85.66
504.429	65.96
504.678	91.04
504.927	85.66
505.176	55.22
505.426	132.23
505.675	60.59
505.924	33.73
506.173	53.43
506.422	194.91
506.671	-37.91
506.92	40.89
507.169	130.43
507.418	166.25
507.667	85.66
507.915	58.8
508.164	-23.58
508.413	67.75
508.662	60.59
508.911	-18.21
509.16	10.45
509.408	-2.09
509.657	159.09
509.906	40.89
510.155	83.87
510.404	91.04
510.652	65.96
510.901	31.94
511.15	22.98
511.398	19.4
511.647	33.73
511.896	107.15
512.144	91.04
512.393	89.24
512.641	-23.58
512.89	123.27
513.138	64.17
513.387	26.56
513.635	1.49
513.884	137.6
514.132	64.17
514.381	-46.86
514.629	26.56
514.878	17.61
515.126	42.68
515.374	39.1
515.623	62.38
515.871	73.13
516.119	87.45
516.368	60.59
516.616	8.66
516.864	30.15
517.113	132.23
517.361	74.92
517.609	48.05
517.857	3.28
518.105	71.34
518.354	37.31
518.602	87.45
518.85	98.2
519.098	91.04
519.346	139.39
519.594	21.19
519.842	21.19
520.09	-48.65
520.338	94.62
520.586	44.47
520.834	53.43
521.082	110.74
521.33	139.39
521.578	92.83
521.826	153.72
522.074	5.07
522.322	48.05
522.57	69.55
522.817	107.15
523.065	58.8
523.313	33.73
523.561	-20
523.809	101.78
524.056	-7.46
524.304	71.34
524.552	44.47
524.8	35.52
525.047	21.19
525.295	200.28
525.543	-7.46
525.79	160.88
526.038	110.74
526.285	193.12
526.533	57.01
526.781	78.5
527.028	-27.16
527.276	134.02
527.523	-3.88
527.771	178.79
528.018	39.1
528.266	57.01
528.513	37.31
528.76	-2.09
529.008	-39.7
529.255	-2.09
529.502	28.36
529.75	67.75
529.997	126.85
530.244	48.05
530.492	62.38
530.739	89.24
530.986	62.38
531.234	123.27
531.481	-12.83
531.728	83.87
531.975	-20
532.222	15.82
532.469	46.26
532.717	164.46
532.964	65.96
533.211	89.24
533.458	132.23
533.705	-12.83
533.952	82.08
534.199	60.59
534.446	123.27
534.693	116.11
534.94	185.95
535.187	76.71
535.434	-23.58
535.681	221.77
535.928	10.45
536.174	117.9
536.421	-16.42
536.668	101.78
536.915	64.17
537.162	91.04
537.409	26.56
537.655	155.51
537.902	82.08
538.149	82.08
538.396	48.05
538.642	177
538.889	22.98
539.136	19.4
539.382	69.55
539.629	112.53
539.875	40.89
540.122	85.66
540.369	151.93
540.615	144.76
540.862	108.94
541.108	162.67
541.355	117.9
541.601	132.23
541.848	135.81
542.094	92.83
542.341	30.15
542.587	270.12
542.833	65.96
543.08	157.3
543.326	175.21
543.572	196.7
543.819	384.74
544.065	447.42
544.311	594.27
544.558	1358.97
544.804	4940.7
545.05	20238.29
545.296	40844.01
545.542	54091.06
545.789	58906.7
546.035	59587.23
546.281	53421.27
546.527	37545.24
546.773	25523.14
547.019	18252.22
547.265	13416.88
547.511	10144.97
547.757	8080.1
548.003	6160.29
548.249	4480.45
548.495	3334.3
548.741	2474.68
548.987	1668.79
549.233	952.44
549.479	649.79
549.725	538.75
549.971	313.1
550.217	289.82
550.463	261.17
550.708	191.32
550.954	128.64
551.2	155.51
551.446	173.42
551.691	216.4
551.937	148.34
552.183	196.7
552.429	173.42
552.674	89.24
552.92	160.88
553.165	169.83
553.411	91.04
553.657	114.32
553.902	-5.67
554.148	101.78
554.393	30.15
554.639	137.6
554.884	53.43
555.13	110.74
555.375	114.32
555.621	218.19
555.866	-7.46
556.112	126.85
556.357	130.43
556.602	3.28
556.848	166.25
557.093	82.08
557.338	126.85
557.584	21.19
557.829	76.71
558.074	-18.21
558.32	91.04
558.565	73.13
558.81	60.59
559.055	51.64
559.3	80.29
559.546	94.62
559.791	-18.21
560.036	141.18
560.281	128.64
560.526	85.66
560.771	67.75
561.016	155.51
561.261	144.76
561.506	35.52
561.751	28.36
561.996	-41.49
562.241	8.66
562.486	85.66
562.731	17.61
562.976	103.57
563.221	82.08
563.466	60.59
563.71	78.5
563.955	-84.47
564.2	-23.58
564.445	116.11
564.69	33.73
564.934	42.68
565.179	114.32
565.424	144.76
565.669	60.59
565.913	-5.67
566.158	67.75
566.403	78.5
566.647	-75.51
566.892	65.96
567.136	57.01
567.381	105.36
567.626	132.23
567.87	-23.58
568.115	78.5
568.359	92.83
568.604	159.09
568.848	19.4
569.093	151.93
569.337	-14.63
569.581	74.92
569.826	-18.21
570.07	101.78
570.315	121.48
570.559	89.24
570.803	15.82
571.048	58.8
571.292	82.08
571.536	14.03
571.78	116.11
572.025	250.42
572.269	99.99
572.513	33.73
572.757	-32.53
573.001	-71.93
573.245	35.52
573.49	171.62
573.734	22.98
573.978	130.43
574.222	21.19
574.466	74.92
574.71	24.77
574.954	110.74
575.198	71.34
575.442	139.39
575.686	352.5
575.93	2032.34
576.174	3880.51
576.418	5354.39
576.661	6387.73
576.905	6572.18
577.149	5671.38
577.393	3927.07
577.637	2970.75
577.881	2931.35
578.124	4070.34
578.368	5556.76
578.612	6332.21
578.856	7107.65
579.099	6765.6
579.343	5390.21
579.587	3873.35
579.83	2614.37
580.074	1983.98
580.318	1498.66
580.561	1126.16
580.805	843.2
581.048	852.15
581.292	443.84
581.535	361.46
581.779	207.44
582.022	241.47
582.266	160.88
582.509	89.24
582.753	51.64
582.996	132.23
583.239	65.96
583.483	55.22
583.726	-2.09
583.969	-39.7
584.213	62.38
584.456	39.1
584.699	151.93
584.943	65.96
585.186	94.62
585.429	-5.67
585.672	-48.65
585.915	89.24
586.159	85.66
586.402	74.92
586.645	-18.21
586.888	89.24
587.131	-2.09
587.374	6.86
587.617	33.73
587.86	87.45
588.103	-5.67
588.346	83.87
588.589	171.62
588.832	1.49
589.075	39.1
589.318	14.03
589.561	-23.58
589.804	74.92
590.047	42.68
590.29	73.13
590.532	-36.12
590.775	69.55
591.018	141.18
591.261	78.5
591.504	-82.68
591.746	57.01
591.989	83.87
592.232	-84.47
592.474	125.06
592.717	116.11
592.96	17.61
593.202	51.64
593.445	125.06
593.688	62.38
593.93	168.04
594.173	55.22
594.415	39.1
594.658	12.24
594.9	137.6
595.143	-30.74
595.385	62.38
595.628	44.47
595.87	8.66
596.112	6.86
596.355	8.66
596.597	12.24
596.84	-18.21
597.082	-0.3
597.324	21.19
597.567	85.66
597.809	-12.83
598.051	-34.32
598.293	99.99
598.536	57.01
598.778	64.17
599.02	46.26
599.262	99.99
599.504	-11.04
599.746	53.43
599.988	82.08
600.231	65.96
600.473	-18.21
600.715	-23.58
600.957	-73.72
601.199	-77.31
601.441	92.83
601.683	-23.58
601.925	51.64
602.167	-5.67
602.409	31.94
602.65	286.24
602.892	123.27
603.134	189.53
603.376	146.55
603.618	126.85
603.86	239.68
604.101	175.21
604.343	130.43
604.585	119.69
604.827	58.8
605.068	219.98
605.31	37.31
605.552	135.81
605.794	55.22
606.035	53.43
606.277	-48.65
606.518	107.15
606.76	114.32
607.002	55.22
607.243	5.07
607.485	96.41
607.726	46.26
607.968	-11.04
608.209	26.56
608.451	40.89
608.692	159.09
608.933	58.8
609.175	12.24
609.416	62.38
609.658	87.45
609.899	-39.7
610.14	64.17
610.382	144.76
610.623	73.13
610.864	-39.7
611.105	83.87
611.347	-0.3
611.588	-111.33
611.829	6.86
612.07	-34.32
612.311	8.66
612.553	35.52
612.794	-27.16
613.035	74.92
613.276	-11.04
613.517	-46.86
613.758	153.72
613.999	-57.61
614.24	-41.49
614.481	-9.25
614.722	-48.65
614.963	33.73
615.204	96.41
615.445	-14.63
615.686	-16.42
615.927	21.19
616.167	22.98
616.408	1.49
616.649	24.77
616.89	76.71
617.131	49.85
617.372	53.43
617.612	35.52
617.853	-59.4
618.094	19.4
618.334	71.34
618.575	8.66
618.816	42.68
619.056	62.38
619.297	80.29
619.538	-0.3
619.778	17.61
620.019	-18.21
620.259	22.98
620.5	-3.88
620.74	31.94
620.981	112.53
621.221	-20
621.462	-39.7
621.702	8.66
621.943	73.13
622.183	-34.32
622.423	-46.86
622.664	40.89
622.904	42.68
623.144	14.03
623.385	-11.04
623.625	76.71
623.865	-27.16
624.105	42.68
624.346	-122.08
624.586	-131.03
624.826	26.56
625.066	117.9
625.306	14.03
625.546	74.92
625.787	12.24
626.027	19.4
626.267	80.29
626.507	49.85
626.747	-30.74
626.987	-34.32
627.227	69.55
627.467	-107.75
627.707	49.85
627.947	-70.14
628.187	39.1
628.427	80.29
628.666	175.21
628.906	-28.95
629.146	24.77
629.386	-41.49
629.626	21.19
629.866	-12.83
630.105	49.85
630.345	94.62
630.585	78.5
630.825	31.94
631.064	82.08
631.304	14.03
631.544	6.86
631.783	-64.77
632.023	-30.74
632.262	-45.07
632.502	6.86
632.742	-136.4
632.981	-46.86
633.221	22.98
633.46	51.64
633.7	-39.7
633.939	128.64
634.179	73.13
634.418	-0.3
634.657	-28.95
634.897	-59.4
635.136	28.36
635.376	39.1
635.615	67.75
635.854	60.59
636.094	44.47
636.333	64.17
636.572	33.73
636.811	87.45
637.051	37.31
637.29	-28.95
637.529	-57.61
637.768	40.89
638.007	107.15
638.246	-25.37
638.486	17.61
638.725	67.75
638.964	-52.23
639.203	103.57
639.442	-16.42
639.681	65.96
639.92	40.89
640.159	-62.98
640.398	-80.89
640.637	108.94
640.876	139.39
641.114	151.93
641.353	92.83
641.592	130.43
641.831	153.72
642.07	69.55
642.309	60.59
642.548	78.5
642.786	182.37
643.025	166.25
643.264	-9.25
643.502	108.94
643.741	24.77
643.98	123.27
644.219	-139.99
644.457	-9.25
644.696	-104.17
644.934	137.6
645.173	74.92
645.412	-62.98
645.65	-55.82
645.889	37.31
646.127	21.19
646.366	87.45
646.604	175.21
646.842	-0.3
647.081	28.36
647.319	14.03
647.558	-79.1
647.796	-27.16
648.034	24.77
648.273	57.01
648.511	64.17
648.749	-0.3
648.988	35.52
649.226	-20
649.464	14.03
649.702	-32.53
649.941	-21.79
650.179	-64.77
650.417	39.1
650.655	-7.46
650.893	-66.56
651.131	35.52
651.369	3.28
651.607	-2.09
651.845	-7.46
652.083	-16.42
652.321	53.43
652.559	1.49
652.797	5.07
653.035	-39.7
653.273	30.15
653.511	33.73
653.749	-32.53
653.987	30.15
654.225	55.22
654.463	-32.53
654.701	-16.42
654.938	58.8
655.176	-61.19
655.414	-16.42
655.652	-9.25
655.889	-52.23
656.127	-64.77
656.365	30.15
656.602	-34.32
656.84	12.24
657.078	-16.42
657.315	53.43
657.553	-39.7
657.79	-118.5
658.028	-16.42
658.266	-23.58
658.503	-2.09
658.741	83.87
658.978	-30.74
659.215	-16.42
659.453	19.4
659.69	162.67
659.928	80.29
660.165	-12.83
660.402	19.4
660.64	62.38
660.877	1.49
661.114	82.08
661.352	-21.79
661.589	30.15
661.826	22.98
662.063	-28.95
662.301	-27.16
662.538	21.19
662.775	31.94
663.012	53.43
663.249	10.45
663.486	-54.02
663.723	-39.7
663.961	55.22
664.198	-66.56
664.435	5.07
664.672	5.07
664.909	-2.09
665.146	-55.82
665.383	-5.67
665.619	-16.42
665.856	15.82
666.093	-59.4
666.33	10.45
666.567	57.01
666.804	48.05
667.041	92.83
667.278	234.31
667.514	169.83
667.751	254
667.988	166.25
668.225	128.64
668.461	87.45
668.698	55.22
668.935	12.24
669.171	153.72
669.408	-11.04
669.644	60.59
669.881	12.24
670.118	48.05
670.354	-20
670.591	8.66
670.827	-52.23
671.064	40.89
671.3	-34.32
671.537	-25.37
671.773	46.26
672.01	26.56
672.246	73.13
672.482	-79.1
672.719	48.05
672.955	-41.49
673.191	-62.98
673.428	85.66
673.664	-57.61
673.9	44.47
674.136	78.5
674.373	85.66
674.609	82.08
674.845	211.02
675.081	218.19
675.317	218.19
675.553	164.46
675.79	180.58
676.026	177
676.262	8.66
676.498	62.38
676.734	31.94
676.97	53.43
677.206	51.64
677.442	-0.3
677.678	101.78
677.914	12.24
678.15	-16.42
678.386	-25.37
678.621	-21.79
678.857	117.9
679.093	-73.72
679.329	-2.09
679.565	19.4
679.8	14.03
680.036	8.66
680.272	44.47
680.508	48.05
680.743	-34.32
680.979	35.52
681.215	-97.01
681.45	-111.33
681.686	-62.98
681.922	46.26
682.157	-122.08
682.393	-55.82
682.628	58.8
682.864	6.86
683.099	-5.67
683.335	71.34
683.57	-21.79
683.806	-28.95
684.041	31.94
684.277	24.77
684.512	64.17
684.747	96.41
684.983	28.36
685.218	8.66
685.453	30.15
685.689	85.66
685.924	-16.42
686.159	125.06
686.394	82.08
686.63	107.15
686.865	211.02
687.1	255.8
687.335	130.43
687.57	234.31
687.806	49.85
688.041	169.83
688.276	55.22
688.511	146.55
688.746	33.73
688.981	117.9
689.216	30.15
689.451	30.15
689.686	-45.07
689.921	119.69
690.156	37.31
690.391	146.55
690.625	207.44
690.86	76.71
691.095	58.8
691.33	221.77
691.565	94.62
691.8	99.99
692.034	-37.91
692.269	-32.53
692.504	53.43
692.739	117.9
692.973	35.52
693.208	1.49
693.443	155.51
693.677	159.09
693.912	155.51
694.146	89.24
694.381	85.66
694.616	73.13
694.85	153.72
695.085	381.16
695.319	907.67
695.554	3792.76
695.788	8359.47
696.023	11584.82
696.257	14075.92
696.491	15091.34
696.726	13504.63
696.96	10075.12
697.194	7184.66
697.429	5666.01
697.663	4457.17
697.897	3599.34
698.132	2866.88
698.366	2334.99
698.6	1872.95
698.834	1357.18
699.068	1025.87
699.303	612.18
699.537	418.76
699.771	495.77
700.005	219.98
700.239	168.04
700.473	94.62
700.707	48.05
700.941	17.61
701.175	-27.16
701.409	1.49
701.643	-21.79
701.877	-2.09
702.111	30.15
702.345	35.52
702.579	218.19
702.813	185.95
703.047	223.56
703.281	182.37
703.514	31.94
703.748	83.87
703.982	42.68
704.216	117.9
704.449	141.18
704.683	55.22
704.917	112.53
705.15	67.75
705.384	262.96
705.618	1172.72
705.851	4052.43
706.085	6803.21
706.319	8758.83
706.552	9994.53
706.786	10144.97
707.019	8411.41
707.253	5950.75
707.486	4274.5
707.72	3656.65
707.953	2782.71
708.187	2309.92
708.42	1982.19
708.653	1512.98
708.887	1197.79
709.12	882.6
709.353	635.46
709.587	420.56
709.82	271.91
710.053	211.02
710.286	175.21
710.52	98.2
710.753	33.73
710.986	82.08
711.219	83.87
711.452	-30.74
711.686	-48.65
711.919	-5.67
712.152	-12.83
712.385	-5.67
712.618	15.82
712.851	64.17
713.084	96.41
713.317	-89.84
713.55	132.23
713.783	436.67
714.016	859.32
714.249	1290.92
714.482	1376.88
714.714	1577.46
714.947	1271.22
715.18	827.08
715.413	569.2
715.646	558.45
715.878	447.42
716.111	456.37
716.344	270.12
716.577	255.8
716.809	221.77
717.042	159.09
717.275	101.78
717.507	105.36
717.74	83.87
717.973	-25.37
718.205	78.5
718.438	64.17
718.67	-91.63
718.903	-20
719.135	65.96
719.368	64.17
719.6	60.59
719.833	10.45
720.065	107.15
720.297	14.03
720.53	-14.63
720.762	30.15
720.995	40.89
721.227	10.45
721.459	71.34
721.691	-11.04
721.924	-36.12
722.156	94.62
722.388	-55.82
722.62	171.62
722.853	-41.49
723.085	-14.63
723.317	92.83
723.549	-43.28
723.781	-50.44
724.013	46.26
724.245	67.75
724.477	-25.37
724.709	21.19
724.941	14.03
725.173	-88.05
725.405	73.13
725.637	22.98
725.869	74.92
726.101	171.62
726.333	832.45
726.565	1829.97
726.797	2560.64
727.028	2938.51
727.26	3384.44
727.492	2972.54
727.724	2311.71
727.956	1738.63
728.187	1228.24
728.419	1022.29
728.651	977.52
728.882	642.62
729.114	639.04
729.346	459.95
729.577	359.67
729.809	302.36
730.04	87.45
730.272	82.08
730.503	31.94
730.735	146.55
730.966	132.23
731.198	60.59
731.429	76.71
731.661	69.55
731.892	130.43
732.124	55.22
732.355	-45.07
732.586	22.98
732.818	101.78
733.049	110.74
733.28	87.45
733.512	126.85
733.743	-11.04
733.974	82.08
734.205	-5.67
734.436	-50.44
734.668	87.45
734.899	40.89
735.13	83.87
735.361	178.79
735.592	85.66
735.823	42.68
736.054	184.16
736.285	-9.25
736.516	117.9
736.747	332.8
736.978	615.76
737.209	1072.43
737.44	3715.75
737.671	8200.08
737.902	11885.69
738.133	14294.4
738.364	15442.35
738.594	14006.08
738.825	10886.38
739.056	7893.84
739.287	6111.93
739.518	4872.65
739.748	3839.32
739.979	3425.63
740.21	2793.45
740.44	2080.69
740.671	1697.44
740.902	1138.69
741.132	909.46
741.363	458.16
741.593	409.81
741.824	232.51
742.055	236.1
742.285	67.75
742.516	67.75
742.746	-0.3
742.976	130.43
743.207	60.59
743.437	134.02
743.668	55.22
743.898	53.43
744.128	-43.28
744.359	5.07
744.589	-34.32
744.819	162.67
745.05	105.36
745.28	110.74
745.51	-5.67
745.74	24.77
745.971	112.53
746.201	108.94
746.431	26.56
746.661	132.23
746.891	87.45
747.121	76.71
747.351	114.32
747.581	98.2
747.811	105.36
748.041	64.17
748.271	162.67
748.501	128.64
748.731	223.56
748.961	370.41
749.191	1067.06
749.421	3894.84
749.651	9441.15
749.881	13853.85
750.111	16602.83
750.34	19470.01
750.57	21327.14
750.8	23069.65
751.03	23248.74
751.259	23938.23
751.489	22768.79
751.719	19609.7
751.949	14819.13
752.178	11373.5
752.408	8977.32
752.637	7014.53
752.867	5685.71
753.097	4467.92
753.326	3486.52
753.556	2693.17
753.785	2052.04
754.015	1358.97
754.244	907.67
754.474	581.73
754.703	529.8
754.932	291.61
755.162	248.63
755.391	112.53
755.621	60.59
755.85	-3.88
756.079	80.29
756.309	130.43
756.538	55.22
756.767	48.05
756.996	62.38
757.225	10.45
757.455	-21.79
757.684	137.6
757.913	-9.25
758.142	15.82
758.371	130.43
758.6	42.68
758.829	-39.7
759.058	19.4
759.287	-36.12
759.516	85.66
759.745	-21.79
759.974	76.71
760.203	-41.49
760.432	193.12
760.661	67.75
760.89	96.41
761.119	259.38
761.348	164.46
761.577	182.37
761.805	245.05
762.034	631.88
762.263	1837.13
762.492	7693.27
762.721	22215.41
762.949	37167.36
763.178	46300.79
763.407	50507.53
763.635	50373.22
763.864	40946.09
764.092	30152.54
764.321	23064.28
764.55	17988.96
764.778	15164.77
765.007	12600.24
765.235	10562.24
765.464	8751.67
765.692	6665.31
765.921	5049.95
766.149	3606.51
766.377	2494.38
766.606	1459.26
766.834	1065.27
767.062	612.18
767.291	563.82
767.519	296.99
767.747	162.67
767.976	98.2
768.204	237.89
768.432	87.45
768.66	116.11
768.889	137.6
769.117	202.07
769.345	42.68
769.573	53.43
769.801	74.92
770.029	121.48
770.257	78.5
770.485	207.44
770.713	216.4
770.941	252.21
771.169	769.77
771.397	2936.72
771.625	8180.38
771.853	13549.4
772.081	16848.18
772.309	18766.2
772.537	18499.36
772.765	15025.08
772.992	10743.11
773.22	8466.92
773.448	6685.01
773.676	5474.38
773.903	4410.61
774.131	3944.98
774.359	3054.92
774.586	2413.79
774.814	1876.53
775.042	1323.15
775.269	904.09
775.497	502.94
775.725	232.51
775.952	117.9
776.18	151.93
776.407	232.51
776.635	24.77
776.862	62.38
777.09	-52.23
777.317	85.66
777.544	-73.72
777.772	58.8
777.999	76.71
778.227	-12.83
778.454	-21.79
778.681	108.94
778.908	21.19
779.136	30.15
779.363	-36.12
779.59	35.52
779.817	-14.63
780.045	-3.88
780.272	-39.7
780.499	-25.37
780.726	-11.04
780.953	35.52
781.18	19.4
781.407	-37.91
781.634	-16.42
781.861	15.82
782.088	-54.02
782.315	1.49
782.542	-37.91
782.769	-34.32
782.996	85.66
783.223	30.15
783.45	-25.37
783.677	44.47
783.904	3.28
784.13	46.26
784.357	39.1
784.584	62.38
784.811	10.45
785.038	123.27
785.264	-27.16
785.491	-12.83
785.718	-116.7
785.944	30.15
786.171	60.59
786.398	31.94
786.624	-93.42
786.851	15.82
787.077	3.28
787.304	-55.82
787.53	8.66
787.757	64.17
787.983	39.1
788.21	15.82
788.436	71.34
788.663	17.61
788.889	-7.46
789.115	-45.07
789.342	49.85
789.568	-61.19
789.794	48.05
790.021	92.83
790.247	65.96
790.473	-79.1
790.699	-34.32
790.926	40.89
791.152	-57.61
791.378	-46.86
791.604	110.74
791.83	28.36
792.056	-37.91
792.282	-25.37
792.508	40.89
792.735	94.62
792.961	-28.95
793.187	48.05
793.413	126.85
793.638	735.75
793.864	2596.46
794.09	6933.94
794.316	10460.16
794.542	12630.69
794.768	13536.87
794.994	13035.43
795.22	9956.92
795.445	7764.9
795.671	5777.04
795.897	4915.63
796.123	3823.2
796.348	3251.92
796.574	2682.42
796.8	2111.13
797.025	1829.97
797.251	1201.37
797.477	873.64
797.702	610.39
797.928	524.43
798.153	356.08
798.379	159.09
798.604	300.57
798.83	46.26
799.055	121.48
799.281	388.32
799.506	766.19
799.732	2621.53
799.957	5546.02
800.182	7603.72
800.408	10085.87
800.633	14151.14
800.858	18291.62
801.084	18918.42
801.309	20037.72
801.534	19355.4
801.759	16445.24
801.985	12086.27
802.21	9982
802.435	7707.59
802.66	6138.79
802.885	5030.25
803.11	4039.9
803.335	3221.47
803.561	2703.91
803.786	2037.71
804.011	1636.55
804.236	963.19
804.461	767.98
804.685	470.7
804.91	463.54
805.135	302.36
805.36	162.67
805.585	78.5
805.81	191.32
806.035	91.04
806.26	85.66
806.484	37.31
806.709	207.44
806.934	-16.42
807.159	137.6
807.383	85.66
807.608	53.43
807.833	64.17
808.057	184.16
808.282	150.13
808.507	150.13
808.731	223.56
808.956	397.27
809.18	914.83
809.405	3087.16
809.629	7761.32
809.854	12123.87
810.078	14489.61
810.303	16989.66
810.527	21196.41
810.751	29808.69
810.976	39482.95
811.2	44454.4
811.425	47223.08
811.649	45917.54
811.873	37299.89
812.097	27770.68
812.322	22226.16
812.546	17389.02
812.77	13900.41
812.994	11454.09
813.219	8984.48
813.443	7447.92
813.667	5710.78
813.891	4378.37
814.115	3309.22
814.339	2596.46
814.563	1803.1
814.787	1106.46
815.011	859.32
815.235	648
815.459	409.81
815.683	259.38
815.907	219.98
816.131	178.79
816.355	148.34
816.579	35.52
816.802	78.5
817.026	101.78
817.25	107.15
817.474	137.6
817.698	-68.35
817.921	21.19
818.145	-36.12
818.369	53.43
818.592	17.61
818.816	62.38
819.04	21.19
819.263	35.52
819.487	58.8
819.71	65.96
819.934	1.49
820.158	3.28
820.381	85.66
820.605	-39.7
820.828	17.61
821.051	-75.51
821.275	-62.98
821.498	49.85
821.722	-2.09
821.945	-20
822.168	91.04
822.392	46.26
822.615	114.32
822.838	19.4
823.061	-11.04
823.285	-88.05
823.508	80.29
823.731	64.17
823.954	-77.31
824.177	-5.67
824.401	37.31
824.624	46.26
824.847	10.45
825.07	164.46
825.293	382.95
825.516	1926.67
825.739	4611.18
825.962	6928.57
826.185	8158.89
826.408	8855.54
826.631	8413.2
826.854	6430.71
827.077	4670.28
827.299	3871.56
827.522	2961.8
827.745	2404.84
827.968	1896.23
828.191	1647.3
828.413	1197.79
828.636	875.44
828.859	832.45
829.082	613.97
829.304	504.73
829.527	458.16
829.75	286.24
829.972	225.35
830.195	162.67
830.417	44.47
830.64	-86.26
830.862	42.68
831.085	119.69
831.307	51.64
831.53	-143.57
831.752	-64.77
831.975	39.1
832.197	69.55
832.42	39.1
832.642	-28.95
832.864	39.1
833.087	-48.65
833.309	-20
833.531	15.82
833.753	-18.21
833.976	15.82
834.198	-21.79
834.42	46.26
834.642	-14.63
834.864	-59.4
835.086	6.86
835.309	-54.02
835.531	15.82
835.753	28.36
835.975	58.8
836.197	82.08
836.419	62.38
836.641	21.19
836.863	-57.61
837.085	35.52
837.307	51.64
837.529	-20
837.75	31.94
837.972	-7.46
838.194	-18.21
838.416	42.68
838.638	-50.44
838.859	198.49
839.081	89.24
839.303	112.53
839.525	354.29
839.746	1332.11
839.968	4034.53
840.19	7974.43
840.411	10732.37
840.633	12233.12
840.855	12478.47
841.076	11189.04
841.298	8896.73
841.519	10053.63
841.741	14220.98
841.962	18173.42
842.184	19595.37
842.405	20734.36
842.626	19142.28
842.848	15483.54
843.069	11468.42
843.291	8912.85
843.512	7032.44
843.733	5540.65
843.955	4385.54
844.176	3531.29
844.397	2625.11
844.618	2236.49
844.839	1899.81
845.061	1611.48
845.282	1314.2
845.503	947.07
845.724	676.65
845.945	440.25
846.166	436.67
846.387	309.52
846.608	268.33
846.829	148.34
847.05	105.36
847.271	185.95
847.492	89.24
847.713	26.56
847.934	1.49
848.155	91.04
848.376	-18.21
848.597	80.29
848.818	76.71
849.038	-36.12
849.259	-109.54
849.48	12.24
849.701	-25.37
849.921	-41.49
850.142	85.66
850.363	12.24
850.584	-20
850.804	184.16
851.025	440.25
851.245	1754.75
851.466	3579.65
851.687	5049.95
851.907	6068.95
852.128	6197.89
852.348	5719.73
852.569	4310.32
852.789	3155.21
853.009	2531.99
853.23	1894.44
853.45	1573.87
853.671	1172.72
853.891	875.44
854.111	789.47
854.332	699.93
854.552	431.3
854.772	467.12
854.992	314.89
855.213	354.29
855.433	227.14
855.653	150.13
855.873	67.75
856.093	67.75
856.313	40.89
856.533	37.31
856.753	-25.37
856.974	-77.31
857.194	37.31
857.414	-62.98
857.634	-14.63
857.854	105.36
858.073	-32.53
858.293	-139.99
858.513	-39.7
858.733	-64.77
858.953	-91.63
859.173	91.04
859.393	-45.07
859.612	-73.72
859.832	-100.59
860.052	-0.3
860.272	15.82
860.491	-9.25
860.711	-52.23
860.931	24.77
861.15	71.34
861.37	-14.63
861.59	12.24
861.809	1.49
862.029	-2.09
862.248	-43.28
862.468	74.92
862.687	-5.67
862.907	-28.95
863.126	108.94
863.346	-39.7
863.565	-62.98
863.785	-14.63
864.004	-233.11
864.223	-93.42
864.443	-34.32
864.662	-0.3
864.881	-36.12
865.1	-27.16
865.32	-93.42
865.539	-21.79
865.758	214.61
865.977	379.37
866.196	773.36
866.416	970.35
866.635	1135.11
866.854	1016.91
867.073	895.14
867.292	587.11
867.511	416.97
867.73	427.72
867.949	365.04
868.168	185.95
868.387	117.9
868.606	168.04
868.825	76.71
869.044	110.74
869.262	160.88
869.481	-77.31
869.7	40.89
869.919	76.71
870.138	5.07
870.356	-2.09
870.575	46.26
870.794	-23.58
871.013	-66.56
871.231	-62.98
871.45	1.49
871.668	5.07
871.887	8.66
872.106	-48.65
872.324	74.92
872.543	-28.95
872.761	-80.89
872.98	-18.21
873.198	-68.35
873.417	-91.63
873.635	-28.95
873.854	-73.72
874.072	-23.58
874.29	108.94
874.509	53.43
874.727	-125.66
874.945	-34.32
875.164	-224.16
875.382	110.74
875.6	5.07
875.818	98.2
876.037	99.99
876.255	22.98
876.473	83.87
876.691	26.56
876.909	26.56
877.127	-39.7
877.345	182.37
877.563	-98.8
877.781	-73.72
877.999	8.66
878.217	-12.83
878.435	-62.98
878.653	-82.68
878.871	-70.14
879.089	-39.7
879.307	39.1
879.525	-11.04
879.743	98.2
879.96	-68.35
880.178	-123.87
880.396	-27.16
880.614	-9.25
880.832	-84.47
881.049	80.29
881.267	-80.89
881.485	-0.3
881.702	-55.82
881.92	-11.04
882.137	39.1
882.355	1.49
882.573	-154.31
882.79	-114.91
883.008	-152.52
883.225	-62.98
883.443	-71.93
883.66	-95.21
883.877	-71.93
884.095	-16.42
884.312	-43.28
884.53	-61.19
884.747	-9.25
884.964	-111.33
885.182	51.64
885.399	-75.51
885.616	-127.45
885.833	-66.56
886.051	-30.74
886.268	-54.02
886.485	-30.74
886.702	46.26
886.919	-77.31
887.136	12.24
887.353	-123.87
887.57	8.66
887.788	-20
888.005	-21.79
888.222	-45.07
888.439	12.24
888.655	-18.21
888.872	-50.44
889.089	-28.95
889.306	-5.67
889.523	55.22
889.74	8.66
889.957	-28.95
890.174	-46.86
890.39	-64.77
890.607	-12.83
890.824	-104.17
891.041	-14.63
891.257	-73.72
891.474	-75.51
891.691	-186.55
891.907	-52.23
892.124	-75.51
892.34	-66.56
892.557	44.47
892.774	-28.95
892.99	94.62
893.207	8.66
893.423	-34.32
893.64	6.86
893.856	-21.79
894.072	35.52
894.289	-79.1
894.505	3.28
894.722	-75.51
894.938	-89.84
895.154	-46.86
895.37	-3.88
895.587	-59.4
895.803	-131.03
896.019	-12.83
896.235	-80.89
896.452	-88.05
896.668	-88.05
896.884	40.89
897.1	-100.59
897.316	30.15
897.532	-91.63
897.748	-27.16
897.964	55.22
898.18	-46.86
898.396	53.43
898.612	17.61
898.828	-18.21
899.044	-9.25
899.26	-48.65
899.476	-41.49
899.692	-41.49
899.908	-45.07
900.123	-66.56
900.339	-3.88
900.555	10.45
900.771	-28.95
900.986	-23.58
901.202	-30.74
901.418	37.31
901.633	-45.07
901.849	21.19
902.065	15.82
902.28	15.82
902.496	-61.19
902.711	-62.98
902.927	64.17
903.143	-7.46
903.358	-54.02
903.573	-45.07
903.789	-82.68
904.004	6.86
904.22	-93.42
904.435	-70.14
904.651	51.64
904.866	-55.82
905.081	-129.24
905.296	24.77
905.512	-64.77
905.727	-82.68
905.942	-61.19
906.157	-89.84
906.373	91.04
906.588	64.17
906.803	-45.07
907.018	-5.67
907.233	-20
907.448	-2.09
907.663	-75.51
907.878	-20
908.093	-57.61
908.308	-79.1
908.523	-105.96
908.738	-5.67
908.953	6.86
909.168	21.19
909.383	-111.33
909.598	-32.53
909.813	-25.37
910.027	-57.61
910.242	60.59
910.457	22.98
910.672	62.38
910.887	280.87
911.101	1099.29
911.316	3196.4
911.531	6959.01
911.745	9994.53
911.96	11249.93
912.174	11817.64
912.389	10580.15
912.604	7712.97
912.818	5300.67
913.033	4199.29
913.247	3278.78
913.462	2789.87
913.676	2232.91
913.89	1923.09
914.105	1640.14
914.319	1448.51
914.534	1240.77
914.748	1154.81
914.962	936.33
915.177	995.42
915.391	773.36
915.605	751.87
915.819	594.27
916.034	653.37
916.248	443.84
916.462	307.73
916.676	207.44
916.89	103.57
917.104	39.1
917.318	74.92
917.532	6.86
917.746	125.06
917.96	-209.83
918.174	1.49
918.388	-48.65
918.602	-25.37
918.816	-84.47
919.03	-84.47
919.244	121.48
919.458	-3.88
919.672	-91.63
919.886	39.1
920.099	82.08
920.313	42.68
920.527	-73.72
920.741	-18.21
920.954	134.02
921.168	169.83
921.382	504.73
921.595	1004.38
921.809	1613.27
922.023	1957.12
922.236	1849.67
922.45	1932.05
922.663	1615.06
922.877	1156.6
923.09	844.99
923.304	676.65
923.517	578.15
923.731	420.56
923.944	359.67
924.157	365.04
924.371	248.63
924.584	359.67
924.797	155.51
925.011	189.53
925.224	132.23
925.437	91.04
925.65	157.3
925.864	98.2
926.077	33.73
926.29	123.27
926.503	37.31
926.716	85.66
926.929	40.89
927.142	-55.82
927.355	-79.1
927.568	-0.3
927.781	-0.3
927.994	-59.4
928.207	-11.04
928.42	-36.12
928.633	-21.79
928.846	-122.08
929.059	48.05
929.272	-23.58
929.485	107.15
929.697	-132.82
929.91	-7.46
930.123	-80.89
930.336	-70.14
930.549	31.94
930.761	-116.7
930.974	-18.21
931.187	-98.8
931.399	-43.28
931.612	-77.31
931.824	26.56
932.037	-95.21
932.249	21.19
932.462	-75.51
932.675	-36.12
932.887	-27.16
933.099	-88.05
933.312	-122.08
933.524	-55.82
933.737	-122.08
933.949	-50.44
934.161	-59.4
934.374	17.61
934.586	92.83
934.798	-14.63
935.011	78.5
935.223	166.25
935.435	5.07
935.647	-71.93
935.859	6.86
936.072	-93.42
936.284	42.68
936.496	58.8
936.708	49.85
936.92	-82.68
937.132	-25.37
937.344	6.86
937.556	-11.04
937.768	31.94
937.98	12.24
938.192	48.05
938.404	-57.61
938.616	-23.58
938.828	51.64
939.039	80.29
939.251	-52.23
939.463	-7.46
939.675	-98.8
939.887	67.75
940.098	-107.75
940.31	-23.58
940.522	-75.51
940.733	-157.89
940.945	-16.42
941.157	-154.31
941.368	-9.25
941.58	-20
941.791	-43.28
942.003	-45.07
942.214	-52.23
942.426	-123.87
942.637	-14.63
942.849	31.94
943.06	-48.65
943.272	-37.91
943.483	-12.83
943.694	24.77
943.906	-95.21
944.117	3.28
944.328	-23.58
944.54	-89.84
944.751	76.71
944.962	-77.31
945.173	40.89
945.384	-52.23
945.596	-52.23
945.807	-59.4
946.018	-21.79
946.229	-120.29
946.44	-105.96
946.651	-37.91
946.862	-27.16
947.073	49.85
947.284	-43.28
947.495	-39.7
947.706	-48.65
947.917	92.83
948.128	-7.46
948.339	-86.26
948.549	-45.07
948.76	-43.28
948.971	-39.7
949.182	31.94
949.393	31.94
949.603	-91.63
949.814	-68.35
950.025	-16.42
950.235	-84.47
950.446	-95.21
950.657	14.03
950.867	-62.98
951.078	-48.65
951.288	-136.4
951.499	-45.07
951.709	74.92
951.92	-43.28
952.13	35.52
952.341	-54.02
952.551	-102.38
952.762	-127.45
952.972	74.92
953.182	-157.89
953.393	-16.42
953.603	-77.31
953.813	-25.37
954.024	-120.29
954.234	-71.93
954.444	5.07
954.654	24.77
954.865	-109.54
955.075	-82.68
955.285	107.15
955.495	-109.54
955.705	-98.8
955.915	-23.58
956.125	101.78
956.335	28.36
956.545	-95.21
956.755	85.66
956.965	-73.72
957.175	21.19
957.385	-75.51
957.595	-52.23
957.805	-0.3
958.015	37.31
958.224	-7.46
958.434	8.66
958.644	-120.29
958.854	-25.37
959.064	24.77
959.273	-0.3
959.483	-93.42
959.693	-54.02
959.902	-91.63
960.112	-88.05
960.322	-7.46
960.531	-143.57
960.741	-27.16
960.95	-75.51
961.16	-80.89
961.369	46.26
961.579	-86.26
961.788	-50.44
961.998	-48.65
962.207	33.73
962.416	-80.89
962.626	-36.12
962.835	21.19
963.044	-68.35
963.254	-95.21
963.463	-55.82
963.672	-64.77
963.881	-75.51
964.091	-27.16
964.3	-109.54
964.509	-25.37
964.718	178.79
964.927	230.72
965.136	476.07
965.345	574.57
965.554	639.04
965.763	608.6
965.972	587.11
966.181	510.1
966.39	458.16
966.599	408.02
966.808	386.53
967.017	207.44
967.226	203.86
967.435	207.44
967.644	225.35
967.852	221.77
968.061	239.68
968.27	173.42
968.479	17.61
968.687	155.51
968.896	150.13
969.105	-9.25
969.313	-3.88
969.522	-20
969.731	40.89
969.939	53.43
970.148	91.04
970.356	51.64
970.565	-39.7
970.773	40.89
970.982	76.71
971.19	-123.87
971.399	-54.02
971.607	-80.89
971.815	-105.96
972.024	148.34
972.232	-105.96
972.44	-77.31
972.649	-120.29
972.857	-57.61
973.065	-70.14
973.273	-3.88
973.482	31.94
973.69	-154.31
973.898	-89.84
974.106	46.26
974.314	-45.07
974.522	-9.25
974.73	37.31
974.938	-148.94
975.146	-88.05
975.354	-52.23
975.562	30.15
975.77	-175.8
975.978	-61.19
976.186	-73.72
976.394	-48.65
976.602	-18.21
976.81	-48.65
977.018	33.73
977.225	8.66
977.433	24.77
977.641	26.56
977.849	-36.12
978.056	37.31
978.264	28.36
978.472	26.56
978.679	112.53
978.887	10.45
979.094	132.23
979.302	28.36
979.51	-91.63
979.717	-80.89
979.925	-27.16
980.132	19.4
980.339	-11.04
980.547	-68.35
980.754	51.64
980.962	-50.44
981.169	-16.42
981.376	-12.83
981.584	-48.65
981.791	49.85
981.998	-79.1
982.206	-23.58
982.413	67.75
982.62	14.03
982.827	-186.55
983.034	-36.12
983.242	-127.45
983.449	-27.16
983.656	-104.17
983.863	71.34
984.07	-71.93
984.277	-75.51
984.484	24.77
984.691	-41.49
984.898	-118.5
985.105	-64.77
985.312	-105.96
985.519	15.82
985.725	-46.86
985.932	-52.23
986.139	-75.51
986.346	-0.3
986.553	10.45
986.759	-156.1
986.966	-70.14
987.173	48.05
987.38	-57.61
987.586	-77.31
987.793	-68.35
988	-104.17
988.206	-148.94
988.413	3.28
988.619	-32.53
988.826	-59.4
989.032	1.49
989.239	-54.02
989.445	-37.91
989.652	-12.83
989.858	-88.05
990.064	-7.46
990.271	-91.63
990.477	-113.12
990.684	28.36
990.89	-12.83
991.096	-25.37
991.302	-57.61
991.509	-39.7
991.715	-61.19
991.921	-147.15
992.127	-131.03
992.333	-190.13
992.539	-98.8
992.746	-16.42
992.952	-188.34
993.158	-45.07
993.364	-5.67
993.57	-122.08
993.776	-109.54
993.982	-30.74
994.188	-52.23
994.394	-147.15
994.599	-129.24
994.805	-123.87
995.011	-48.65
995.217	-73.72
995.423	-52.23
995.629	-28.95
995.834	-30.74
996.04	-50.44
996.246	19.4
996.452	37.31
996.657	-3.88
996.863	-116.7
997.068	-0.3
997.274	-45.07
997.48	-11.04
997.685	1.49
997.891	-41.49
998.096	64.17
998.302	-37.91
998.507	-113.12
998.713	21.19
998.918	-25.37
999.123	-43.28
999.329	-66.56
999.534	-107.75
999.74	-100.59
999.945	-59.4
1000.15	24.77
1000.355	-80.89
1000.561	78.5
1000.766	-36.12
1000.971	-34.32
1001.176	37.31
1001.381	40.89
1001.586	-75.51
1001.792	-118.5
1001.997	-68.35
1002.202	-18.21
1002.407	-70.14
1002.612	1.49
1002.817	37.31
1003.022	-37.91
1003.227	-16.42
1003.432	74.92
1003.637	-97.01
1003.841	-57.61
1004.046	-62.98
1004.251	-102.38
1004.456	-37.91
1004.661	30.15
1004.865	-129.24
1005.07	-0.3
1005.275	94.62
1005.48	-213.41
1005.684	-18.21
1005.889	-93.42
1006.094	-79.1
1006.298	-57.61
1006.503	-32.53
1006.707	40.89
1006.912	14.03
1007.116	21.19
1007.321	-28.95
1007.525	30.15
1007.73	-98.8
1007.934	-79.1
1008.139	-18.21
1008.343	-107.75
1008.547	-100.59
1008.752	-75.51
1008.956	21.19
1009.16	-80.89
1009.364	-93.42
1009.569	21.19
1009.773	-73.72
1009.977	-68.35
1010.181	-27.16
1010.385	-75.51
1010.589	-54.02
1010.794	-55.82
1010.998	-91.63
1011.202	14.03
1011.406	-23.58
1011.61	-70.14
1011.814	-93.42
1012.018	-46.86
1012.222	-46.86
1012.426	-95.21
1012.629	-21.79
1012.833	-3.88
1013.037	-116.7
1013.241	-102.38
1013.445	-88.05
1013.649	-79.1
1013.852	65.96
1014.056	12.24
1014.26	-123.87
1014.463	-127.45
1014.667	-11.04
1014.871	-11.04
1015.074	-123.87
1015.278	-2.09
1015.482	-7.46
1015.685	22.98
1015.889	-48.65
1016.092	-174.01
1016.296	-116.7
1016.499	-46.86
1016.703	-0.3
1016.906	-71.93
1017.109	-27.16
1017.313	-59.4
1017.516	-30.74
1017.719	-114.91
1017.923	-32.53
1018.126	-107.75
1018.329	-62.98
1018.532	-159.69
1018.736	-7.46
1018.939	19.4
1019.142	74.92
1019.345	-89.84
1019.548	-98.8
1019.751	-39.7
1019.954	-48.65
1020.157	-41.49
1020.361	-41.49
1020.564	-57.61
1020.766	-77.31
1020.969	49.85
1021.172	-57.61
1021.375	-86.26
1021.578	-172.22
1021.781	-28.95
1021.984	-122.08
1022.187	-32.53
1022.389	-32.53
1022.592	-43.28
1022.795	-11.04
1022.998	-89.84
1023.2	5.07
1023.403	-98.8
1023.606	-54.02
1023.808	-12.83
1024.011	-62.98
1024.214	-123.87
1024.416	28.36
1024.619	-59.4
1024.821	-57.61
1025.024	-11.04
1025.226	-66.56
1025.429	-139.99
1025.631	12.24
1025.833	89.24
1026.036	-9.25
1026.238	-73.72
1026.441	-166.85
1026.643	8.66
1026.845	-113.12
1027.047	40.89
1027.25	-152.52
1027.452	-16.42
1027.654	57.01
1027.856	-129.24
1028.058	-95.21
1028.261	-34.32
1028.463	-138.2
1028.665	-32.53
1028.867	-25.37
1029.069	-20
1029.271	-28.95
1029.473	-20
1029.675	-45.07
1029.877	-134.61
1030.079	-18.21
1030.281	-125.66
1030.482	24.77
1030.684	-45.07
1030.886	3.28
1031.088	-98.8
1031.29	-70.14
1031.491	-52.23
1031.693	-20
1031.895	94.62
1032.097	-28.95
1032.298	-107.75
1032.5	-16.42
1032.701	-97.01
1032.903	-71.93
1033.105	-39.7
1033.306	49.85
1033.508	-20
1033.709	-41.49
1033.911	-50.44
1034.112	-62.98
1034.314	-18.21
1034.515	42.68
1034.716	-61.19
1034.918	-43.28
1035.119	-161.48
1035.32	-88.05
1035.522	-28.95
1035.723	8.66
1035.924	-132.82
1036.125	-88.05
1036.327	-95.21
1036.528	-43.28
1036.729	-111.33
1036.93	-12.83
1037.131	-84.47
1037.332	5.07
1037.533	-11.04
1037.734	-12.83
1037.935	-61.19
1038.136	-28.95
1038.337	-80.89
1038.538	-95.21
1038.739	-57.61
1038.94	40.89
1039.141	-93.42
1039.342	-84.47
1039.543	-156.1
1039.744	-3.88
1039.944	-30.74
1040.145	71.34
1040.346	-111.33
1040.547	-57.61
1040.747	-134.61
1040.948	15.82
1041.149	-46.86
1041.349	-27.16
1041.55	-89.84
1041.75	-132.82
1041.951	-36.12
1042.152	-30.74
1042.352	-82.68
1042.553	-98.8
1042.753	-120.29
1042.953	-11.04
1043.154	-138.2
1043.354	5.07
1043.555	-0.3
1043.755	-54.02
1043.955	-41.49
1044.156	-55.82
1044.356	-62.98
1044.556	-3.88
1044.756	12.24
1044.957	-36.12
1045.157	-75.51
1045.357	-14.63
1045.557	-105.96
1045.757	-2.09
1045.957	-86.26
1046.157	-174.01
1046.357	-89.84
1046.557	-75.51
1046.757	-73.72
1046.957	-68.35
1047.157	65.96
1047.357	-66.56
1047.557	-141.78
1047.757	-170.43
1047.957	-55.82
1048.157	-68.35
1048.356	22.98
1048.556	-46.86
1048.756	-143.57
1048.956	-14.63
1049.156	-48.65
1049.355	-46.86
1049.555	-109.54
1049.755	35.52
1049.954	-54.02
1050.154	-39.7
1050.353	-59.4
1050.553	30.15
1050.752	-182.97
1050.952	-12.83
1051.151	26.56
1051.351	-59.4
1051.55	28.36
1051.75	-59.4
1051.949	-129.24
1052.148	148.34
1052.348	-41.49
1052.547	6.86
1052.746	-138.2
1052.946	-57.61
1053.145	-113.12
1053.344	-11.04
1053.543	-122.08
1053.743	-84.47
1053.942	-86.26
1054.141	39.1
1054.34	-116.7
1054.539	-132.82
1054.738	14.03
1054.937	-100.59
1055.136	-131.03
1055.335	-120.29
1055.534	-62.98
1055.733	-54.02
1055.932	-54.02
1056.131	-54.02
