194.216	-300.12
194.484	-300.12
194.753	-300.12
195.022	-242.81
195.29	-2.84
195.559	108.2
195.827	-33.28
196.096	4.33
196.364	0.75
196.633	-15.37
196.901	-92.38
197.17	9.7
197.438	-29.7
197.706	72.38
197.975	0.75
198.243	-63.73
198.512	38.35
198.78	0.75
199.048	32.98
199.317	-74.47
199.585	50.89
199.853	120.73
200.122	43.73
200.39	67.01
200.658	-44.03
200.926	129.69
201.195	86.71
201.463	-6.42
201.731	45.52
201.999	115.36
202.267	65.22
202.536	68.8
202.804	68.8
203.072	9.7
203.34	72.38
203.608	43.73
203.876	-11.79
204.144	127.9
204.412	-47.61
204.68	-20.74
204.948	54.47
205.216	-36.86
205.484	-35.07
205.752	-18.95
206.02	-2.84
206.288	24.03
206.556	-63.73
206.824	115.36
207.092	67.01
207.36	56.26
207.628	102.83
207.896	108.2
208.164	-13.58
208.431	106.41
208.699	32.98
208.967	-40.44
209.235	83.13
209.503	40.15
209.77	-42.23
210.038	-15.37
210.306	-33.28
210.573	95.66
210.841	-40.44
211.109	4.33
211.377	50.89
211.644	63.43
211.912	9.7
212.179	45.52
212.447	-26.12
212.715	40.15
212.982	280.12
213.25	192.37
213.517	-4.63
213.785	67.01
214.052	-44.03
214.32	-81.63
214.587	61.64
214.855	95.66
215.122	24.03
215.39	122.53
215.657	2.54
215.925	16.86
216.192	49.1
216.459	24.03
216.727	68.8
216.994	-94.17
217.261	-69.1
217.529	32.98
217.796	49.1
218.063	138.64
218.331	118.94
218.598	92.08
218.865	95.66
219.132	-31.49
219.399	-22.54
219.667	24.03
219.934	36.56
220.201	106.41
220.468	-94.17
220.735	-24.33
221.002	77.75
221.27	18.65
221.537	36.56
221.804	65.22
222.071	-44.03
222.338	58.05
222.605	6.12
222.872	0.75
223.139	79.54
223.406	36.56
223.673	29.4
223.94	93.87
224.207	86.71
224.474	29.4
224.741	0.75
225.007	-56.56
225.274	-20.74
225.541	36.56
225.808	-67.31
226.075	72.38
226.342	-52.98
226.609	-45.82
226.875	36.56
227.142	67.01
227.409	-81.63
227.676	199.53
227.942	31.19
228.209	22.24
228.476	20.45
228.742	-15.37
229.009	36.56
229.276	99.24
229.542	-6.42
229.809	43.73
230.076	29.4
230.342	58.05
230.609	-35.07
230.875	115.36
231.142	50.89
231.408	72.38
231.675	-60.14
231.941	50.89
232.208	-2.84
232.474	79.54
232.741	-6.42
233.007	6.12
233.274	122.53
233.54	56.26
233.807	-20.74
234.073	68.8
234.339	22.24
234.606	-2.84
234.872	-6.42
235.138	79.54
235.405	99.24
235.671	101.03
235.937	-58.35
236.203	15.07
236.47	29.4
236.736	36.56
237.002	-13.58
237.268	86.71
237.535	-17.16
237.801	22.24
238.067	47.31
238.333	75.96
238.599	58.05
238.865	-40.44
239.131	29.4
239.397	56.26
239.663	-44.03
239.929	61.64
240.195	49.1
240.462	111.78
240.728	47.31
240.993	22.24
241.259	124.32
241.525	151.18
241.791	-58.35
242.057	99.24
242.323	-42.23
242.589	-8.21
242.855	86.71
243.121	-20.74
243.387	-24.33
243.652	72.38
243.918	-52.98
244.184	-13.58
244.45	22.24
244.716	142.22
244.981	32.98
245.247	-29.7
245.513	-24.33
245.779	83.13
246.044	29.4
246.31	81.34
246.576	86.71
246.841	63.43
247.107	13.28
247.373	-52.98
247.638	249.68
247.904	140.43
248.169	29.4
248.435	22.24
248.7	-29.7
248.966	58.05
249.231	16.86
249.497	43.73
249.762	83.13
250.028	176.25
250.293	-20.74
250.559	-4.63
250.824	-10
251.09	120.73
251.355	38.35
251.62	72.38
251.886	-94.17
252.151	63.43
252.416	61.64
252.682	41.94
252.947	32.98
253.212	83.13
253.477	29.4
253.743	138.64
254.008	47.31
254.273	27.61
254.538	88.5
254.804	-20.74
255.069	88.5
255.334	56.26
255.599	-45.82
255.864	6.12
256.129	79.54
256.394	41.94
256.659	-92.38
256.925	-1.04
257.19	43.73
257.455	32.98
257.72	50.89
257.985	118.94
258.25	83.13
258.515	29.4
258.78	-33.28
259.044	-70.89
259.309	27.61
259.574	-44.03
259.839	-13.58
260.104	56.26
260.369	-99.54
260.634	-2.84
260.899	97.45
261.163	4.33
261.428	-24.33
261.693	-38.65
261.958	27.61
262.223	-90.59
262.487	-58.35
262.752	41.94
263.017	106.41
263.281	90.29
263.546	13.28
263.811	40.15
264.075	86.71
264.34	-27.91
264.605	-15.37
264.869	147.6
265.134	-58.35
265.398	-81.63
265.663	7.91
265.927	108.2
266.192	13.28
266.457	40.15
266.721	102.83
266.985	68.8
267.25	7.91
267.514	-42.23
267.779	24.03
268.043	120.73
268.308	24.03
268.572	108.2
268.836	40.15
269.101	38.35
269.365	79.54
269.629	117.15
269.894	25.82
270.158	192.37
270.422	-26.12
270.687	-2.84
270.951	34.77
271.215	31.19
271.479	-52.98
271.743	-51.19
272.008	-33.28
272.272	4.33
272.536	-40.44
272.8	31.19
273.064	61.64
273.328	31.19
273.592	63.43
273.856	49.1
274.12	31.19
274.385	-11.79
274.649	-33.28
274.913	65.22
275.177	-27.91
275.441	77.75
275.704	-8.21
275.968	63.43
276.232	-27.91
276.496	-78.05
276.76	-27.91
277.024	101.03
277.288	-35.07
277.552	-35.07
277.816	-27.91
278.079	158.34
278.343	-2.84
278.607	108.2
278.871	115.36
279.135	101.03
279.398	-52.98
279.662	-4.63
279.926	-35.07
280.189	147.6
280.453	25.82
280.717	124.32
280.98	67.01
281.244	-10
281.508	34.77
281.771	34.77
282.035	-15.37
282.298	113.57
282.562	13.28
282.826	-20.74
283.089	-56.56
283.353	29.4
283.616	72.38
283.88	43.73
284.143	83.13
284.407	-13.58
284.67	15.07
284.933	61.64
285.197	11.49
285.46	52.68
285.724	43.73
285.987	72.38
286.25	92.08
286.514	124.32
286.777	6.12
287.04	7.91
287.303	75.96
287.567	-2.84
287.83	52.68
288.093	72.38
288.356	-6.42
288.62	-22.54
288.883	-36.86
289.146	20.45
289.409	-106.71
289.672	-27.91
289.935	40.15
290.198	-13.58
290.461	36.56
290.725	-20.74
290.988	-153.27
291.251	24.03
291.514	-31.49
291.777	40.15
292.04	47.31
292.303	-47.61
292.566	41.94
292.829	135.06
293.091	84.92
293.354	38.35
293.617	67.01
293.88	-45.82
294.143	-74.47
294.406	97.45
294.669	34.77
294.932	20.45
295.194	-15.37
295.457	41.94
295.72	52.68
295.983	72.38
296.245	-27.91
296.508	4.33
296.771	18.65
297.034	117.15
297.296	-38.65
297.559	65.22
297.822	-29.7
298.084	34.77
298.347	-126.41
298.609	31.19
298.872	54.47
299.135	32.98
299.397	11.49
299.66	-40.44
299.922	34.77
300.185	-1.04
300.447	-4.63
300.71	102.83
300.972	59.84
301.235	-78.05
301.497	-74.47
301.759	-15.37
302.022	56.26
302.284	-22.54
302.546	176.25
302.809	9.7
303.071	29.4
303.333	-60.14
303.596	-10
303.858	124.32
304.12	9.7
304.383	-17.16
304.645	-61.93
304.907	41.94
305.169	56.26
305.431	142.22
305.694	16.86
305.956	-11.79
306.218	7.91
306.48	61.64
306.742	-2.84
307.004	9.7
307.266	49.1
307.528	61.64
307.79	34.77
308.052	81.34
308.314	2.54
308.576	68.8
308.838	-65.52
309.1	43.73
309.362	-101.33
309.624	16.86
309.886	84.92
310.148	-63.73
310.41	136.85
310.672	61.64
310.934	117.15
311.196	-24.33
311.457	54.47
311.719	-2.84
311.981	-44.03
312.243	142.22
312.504	-29.7
312.766	74.17
313.028	52.68
313.29	65.22
313.551	83.13
313.813	4.33
314.075	27.61
314.336	74.17
314.598	40.15
314.86	38.35
315.121	74.17
315.383	68.8
315.644	-29.7
315.906	-58.35
316.167	102.83
316.429	-11.79
316.69	24.03
316.952	-38.65
317.213	-13.58
317.475	149.39
317.736	74.17
317.998	-54.77
318.259	88.5
318.521	32.98
318.782	68.8
319.043	27.61
319.305	-8.21
319.566	84.92
319.827	20.45
320.089	-44.03
320.35	86.71
320.611	25.82
320.872	-78.05
321.134	29.4
321.395	-67.31
321.656	40.15
321.917	-36.86
322.178	11.49
322.44	-74.47
322.701	77.75
322.962	102.83
323.223	-45.82
323.484	-1.04
323.745	9.7
324.006	4.33
324.267	41.94
324.528	49.1
324.789	-2.84
325.05	-61.93
325.311	9.7
325.572	86.71
325.833	-49.4
326.094	-1.04
326.355	-61.93
326.616	-29.7
326.877	86.71
327.138	7.91
327.398	-24.33
327.659	70.59
327.92	0.75
328.181	-70.89
328.442	215.65
328.702	-79.84
328.963	58.05
329.224	43.73
329.485	7.91
329.745	0.75
330.006	22.24
330.267	18.65
330.527	58.05
330.788	68.8
331.049	25.82
331.309	-17.16
331.57	-33.28
331.83	54.47
332.091	-69.1
332.351	13.28
332.612	120.73
332.873	74.17
333.133	9.7
333.393	27.61
333.654	7.91
333.914	90.29
334.175	84.92
334.435	120.73
334.696	-27.91
334.956	-156.85
335.216	56.26
335.477	-13.58
335.737	-27.91
335.997	-17.16
336.258	172.67
336.518	25.82
336.778	101.03
337.038	61.64
337.299	56.26
337.559	158.34
337.819	113.57
338.079	11.49
338.34	-69.1
338.6	0.75
338.86	90.29
339.12	43.73
339.38	-4.63
339.64	6.12
339.9	165.51
340.16	156.55
340.42	25.82
340.68	-15.37
340.94	36.56
341.2	43.73
341.46	201.32
341.72	138.64
341.98	129.69
342.24	32.98
342.5	97.45
342.76	-38.65
343.02	131.48
343.28	187
343.54	138.64
343.799	45.52
344.059	59.84
344.319	142.22
344.579	380.41
344.839	210.28
345.098	260.42
345.358	210.28
345.618	129.69
345.878	212.07
346.137	396.53
346.397	328.47
346.657	364.29
346.916	276.54
347.176	321.31
347.435	231.77
347.695	351.76
347.955	147.6
348.214	249.68
348.474	54.47
348.733	20.45
348.993	75.96
349.252	92.08
349.512	179.83
349.771	145.81
350.031	140.43
350.29	74.17
350.549	108.2
350.809	133.27
351.068	74.17
351.328	188.79
351.587	156.55
351.846	144.02
352.106	77.75
352.365	160.13
352.624	99.24
352.883	22.24
353.143	111.78
353.402	240.72
353.661	9.7
353.92	-10
354.179	61.64
354.439	2.54
354.698	-76.26
354.957	-26.12
355.216	99.24
355.475	27.61
355.734	-40.44
355.993	109.99
356.252	-69.1
356.511	29.4
356.77	-6.42
357.029	16.86
357.288	9.7
357.547	9.7
357.806	-2.84
358.065	97.45
358.324	106.41
358.583	213.86
358.842	20.45
359.101	59.84
359.36	253.26
359.619	93.87
359.877	36.56
360.136	151.18
360.395	27.61
360.654	106.41
360.913	111.78
361.171	40.15
361.43	15.07
361.689	-2.84
361.947	4.33
362.206	52.68
362.465	131.48
362.723	-20.74
362.982	-26.12
363.241	-33.28
363.499	70.59
363.758	49.1
364.016	4.33
364.275	-47.61
364.533	-11.79
364.792	47.31
365.05	126.11
365.309	-22.54
365.567	2.54
365.826	59.84
366.084	92.08
366.343	41.94
366.601	11.49
366.86	45.52
367.118	27.61
367.376	-13.58
367.635	-49.4
367.893	124.32
368.151	34.77
368.409	32.98
368.668	15.07
368.926	0.75
369.184	-36.86
369.442	11.49
369.701	41.94
369.959	-2.84
370.217	-52.98
370.475	-56.56
370.733	6.12
370.991	47.31
371.25	13.28
371.508	-15.37
371.766	7.91
372.024	-17.16
372.282	-44.03
372.54	18.65
372.798	-70.89
373.056	32.98
373.314	2.54
373.572	118.94
373.83	20.45
374.088	11.49
374.345	117.15
374.603	70.59
374.861	38.35
375.119	-52.98
375.377	-51.19
375.635	31.19
375.893	29.4
376.15	70.59
376.408	95.66
376.666	0.75
376.924	135.06
377.181	58.05
377.439	83.13
377.697	102.83
377.954	0.75
378.212	-2.84
378.47	4.33
378.727	67.01
378.985	-108.5
379.243	40.15
379.5	-40.44
379.758	92.08
380.015	34.77
380.273	-35.07
380.53	-36.86
380.788	170.88
381.045	50.89
381.303	-27.91
381.56	-31.49
381.818	22.24
382.075	-27.91
382.332	50.89
382.59	-6.42
382.847	67.01
383.105	126.11
383.362	-31.49
383.619	36.56
383.876	-49.4
384.134	70.59
384.391	2.54
384.648	-33.28
384.905	29.4
385.163	-99.54
385.42	72.38
385.677	2.54
385.934	152.97
386.191	0.75
386.449	0.75
386.706	7.91
386.963	-144.31
387.22	102.83
387.477	-56.56
387.734	93.87
387.991	25.82
388.248	43.73
388.505	9.7
388.762	32.98
389.019	-74.47
389.276	-4.63
389.533	-38.65
389.79	-26.12
390.047	59.84
390.304	45.52
390.56	-29.7
390.817	24.03
391.074	-11.79
391.331	-97.75
391.588	-11.79
391.844	50.89
392.101	-83.42
392.358	-69.1
392.615	142.22
392.871	52.68
393.128	0.75
393.385	27.61
393.641	106.41
393.898	15.07
394.155	-26.12
394.411	7.91
394.668	104.62
394.925	136.85
395.181	-63.73
395.438	84.92
395.694	-20.74
395.951	77.75
396.207	68.8
396.464	-56.56
396.72	15.07
396.977	75.96
397.233	29.4
397.489	-47.61
397.746	43.73
398.002	-49.4
398.259	-15.37
398.515	7.91
398.771	59.84
399.028	-35.07
399.284	47.31
399.54	7.91
399.796	90.29
400.053	-58.35
400.309	32.98
400.565	-11.79
400.821	0.75
401.078	-11.79
401.334	22.24
401.59	-22.54
401.846	152.97
402.102	36.56
402.358	49.1
402.614	-56.56
402.87	-6.42
403.126	2.54
403.382	-10
403.638	29.4
403.894	-2.84
404.15	50.89
404.406	88.5
404.662	-15.37
404.918	-45.82
405.174	-61.93
405.43	11.49
405.686	24.03
405.942	126.11
406.198	56.26
406.454	63.43
406.709	63.43
406.965	188.79
407.221	34.77
407.477	86.71
407.732	-6.42
407.988	-20.74
408.244	81.34
408.5	15.07
408.755	-2.84
409.011	75.96
409.267	7.91
409.522	-1.04
409.778	32.98
410.033	95.66
410.289	31.19
410.545	-24.33
410.8	-27.91
411.056	38.35
411.311	41.94
411.567	63.43
411.822	-11.79
412.078	32.98
412.333	-40.44
412.588	-24.33
412.844	29.4
413.099	92.08
413.355	-4.63
413.61	13.28
413.865	-90.59
414.121	36.56
414.376	-10
414.631	20.45
414.887	7.91
415.142	88.5
415.397	29.4
415.652	16.86
415.907	11.49
416.163	179.83
416.418	52.68
416.673	-6.42
416.928	45.52
417.183	-1.04
417.438	-128.2
417.693	67.01
417.949	-60.14
418.204	-29.7
418.459	-117.45
418.714	-10
418.969	20.45
419.224	84.92
419.479	-2.84
419.734	-169.39
419.989	-83.42
420.243	-10
420.498	22.24
420.753	49.1
421.008	-51.19
421.263	16.86
421.518	-29.7
421.773	86.71
422.027	36.56
422.282	147.6
422.537	-26.12
422.792	-24.33
423.047	43.73
423.301	-49.4
423.556	-126.41
423.811	178.04
424.065	-15.37
424.32	7.91
424.575	50.89
424.829	124.32
425.084	65.22
425.338	-10
425.593	-10
425.848	65.22
426.102	59.84
426.357	47.31
426.611	45.52
426.866	16.86
427.12	-56.56
427.374	34.77
427.629	24.03
427.883	102.83
428.138	102.83
428.392	-24.33
428.646	-45.82
428.901	-4.63
429.155	-22.54
429.409	-58.35
429.664	34.77
429.918	-26.12
430.172	-1.04
430.427	-67.31
430.681	-6.42
430.935	-110.29
431.189	-15.37
431.443	43.73
431.698	56.26
431.952	15.07
432.206	-126.41
432.46	-42.23
432.714	-60.14
432.968	-38.65
433.222	50.89
433.476	-4.63
433.73	-74.47
433.984	99.24
434.238	-29.7
434.492	7.91
434.746	-76.26
435	138.64
435.254	-52.98
435.508	47.31
435.762	-63.73
436.016	9.7
436.27	88.5
436.523	-69.1
436.777	9.7
437.031	-42.23
437.285	38.35
437.539	-22.54
437.792	-33.28
438.046	77.75
438.3	-2.84
438.553	63.43
438.807	36.56
439.061	-72.68
439.314	50.89
439.568	27.61
439.822	4.33
440.075	32.98
440.329	4.33
440.582	47.31
440.836	4.33
441.09	13.28
441.343	52.68
441.597	6.12
441.85	178.04
442.103	74.17
442.357	-156.85
442.61	-18.95
442.864	29.4
443.117	-67.31
443.371	45.52
443.624	54.47
443.877	-54.77
444.131	18.65
444.384	-58.35
444.637	-18.95
444.89	77.75
445.144	70.59
445.397	-133.57
445.65	32.98
445.903	-33.28
446.157	-20.74
446.41	22.24
446.663	-11.79
446.916	20.45
447.169	-97.75
447.422	-56.56
447.675	-78.05
447.928	49.1
448.181	111.78
448.435	59.84
448.688	-17.16
448.941	-27.91
449.194	18.65
449.446	13.28
449.699	77.75
449.952	-147.9
450.205	-6.42
450.458	38.35
450.711	29.4
450.964	-56.56
451.217	9.7
451.47	-2.84
451.722	-47.61
451.975	-67.31
452.228	15.07
452.481	27.61
452.733	38.35
452.986	24.03
453.239	77.75
453.492	-60.14
453.744	97.45
453.997	117.15
454.25	-33.28
454.502	-31.49
454.755	92.08
455.007	16.86
455.26	63.43
455.513	-1.04
455.765	-15.37
456.018	90.29
456.27	59.84
456.523	-49.4
456.775	-85.22
457.028	75.96
457.28	81.34
457.532	-87.01
457.785	11.49
458.037	68.8
458.29	-36.86
458.542	-76.26
458.794	43.73
459.047	113.57
459.299	56.26
459.551	-38.65
459.803	20.45
460.056	58.05
460.308	-24.33
460.56	-27.91
460.812	-61.93
461.064	-35.07
461.317	11.49
461.569	52.68
461.821	-45.82
462.073	84.92
462.325	75.96
462.577	13.28
462.829	-54.77
463.081	13.28
463.333	86.71
463.585	156.55
463.837	72.38
464.089	20.45
464.341	-17.16
464.593	-35.07
464.845	-24.33
465.097	75.96
465.349	43.73
465.601	-44.03
465.852	7.91
466.104	13.28
466.356	-33.28
466.608	-52.98
466.86	11.49
467.111	22.24
467.363	47.31
467.615	-33.28
467.867	-44.03
468.118	-4.63
468.37	133.27
468.622	-11.79
468.873	-29.7
469.125	-10
469.376	135.06
469.628	13.28
469.88	-61.93
470.131	79.54
470.383	52.68
470.634	58.05
470.886	15.07
471.137	59.84
471.389	-74.47
471.64	13.28
471.892	32.98
472.143	-10
472.394	109.99
472.646	-69.1
472.897	86.71
473.148	77.75
473.4	-87.01
473.651	-1.04
473.902	20.45
474.154	25.82
474.405	32.98
474.656	50.89
474.907	-45.82
475.159	29.4
475.41	-51.19
475.661	-22.54
475.912	90.29
476.163	52.68
476.414	79.54
476.665	15.07
476.917	-52.98
477.168	-1.04
477.419	-29.7
477.67	-13.58
477.921	54.47
478.172	6.12
478.423	104.62
478.674	-10
478.925	90.29
479.176	63.43
479.426	29.4
479.677	95.66
479.928	-4.63
480.179	-72.68
480.43	108.2
480.681	-2.84
480.932	-29.7
481.182	-18.95
481.433	47.31
481.684	61.64
481.935	-58.35
482.185	-67.31
482.436	63.43
482.687	63.43
482.937	-65.52
483.188	97.45
483.439	138.64
483.689	-35.07
483.94	61.64
484.19	-13.58
484.441	145.81
484.692	24.03
484.942	-81.63
485.193	-72.68
485.443	-10
485.694	-44.03
485.944	-47.61
486.194	70.59
486.445	108.2
486.695	-112.08
486.946	50.89
487.196	38.35
487.446	-38.65
487.697	144.02
487.947	-40.44
488.197	-49.4
488.448	59.84
488.698	9.7
488.948	-10
489.198	-1.04
489.449	43.73
489.699	-26.12
489.949	-33.28
490.199	56.26
490.449	233.56
490.699	18.65
490.949	135.06
491.2	88.5
491.45	-17.16
491.7	-76.26
491.95	-87.01
492.2	-35.07
492.45	99.24
492.7	117.15
492.95	-44.03
493.2	29.4
493.45	43.73
493.699	-10
493.949	45.52
494.199	-56.56
494.449	61.64
494.699	4.33
494.949	52.68
495.199	120.73
495.448	75.96
495.698	-29.7
495.948	106.41
496.198	-15.37
496.447	0.75
496.697	41.94
496.947	108.2
497.196	161.92
497.446	40.15
497.696	-31.49
497.945	11.49
498.195	32.98
498.444	135.06
498.694	-101.33
498.944	-26.12
499.193	38.35
499.443	88.5
499.692	7.91
499.942	65.22
500.191	49.1
500.44	95.66
500.69	-26.12
500.939	-99.54
501.189	-2.84
501.438	101.03
501.687	-54.77
501.937	56.26
502.186	-56.56
502.435	13.28
502.685	32.98
502.934	-26.12
503.183	-45.82
503.432	144.02
503.682	15.07
503.931	102.83
504.18	131.48
504.429	70.59
504.678	4.33
504.927	-17.16
505.176	52.68
505.426	124.32
505.675	-31.49
505.924	-11.79
506.173	88.5
506.422	127.9
506.671	-1.04
506.92	31.19
507.169	-4.63
507.418	167.3
507.667	-6.42
507.915	11.49
508.164	-54.77
508.413	9.7
508.662	31.19
508.911	-38.65
509.16	-69.1
509.408	13.28
509.657	24.03
509.906	13.28
510.155	20.45
510.404	-1.04
510.652	18.65
510.901	-1.04
511.15	22.24
511.398	0.75
511.647	43.73
511.896	102.83
512.144	97.45
512.393	50.89
512.641	32.98
512.89	104.62
513.138	2.54
513.387	-15.37
513.635	-63.73
513.884	45.52
514.132	70.59
514.381	34.77
514.629	36.56
514.878	97.45
515.126	-1.04
515.374	-38.65
515.623	-6.42
515.871	-38.65
516.119	-26.12
516.368	58.05
516.616	6.12
516.864	-10
517.113	49.1
517.361	24.03
517.609	61.64
517.857	-20.74
518.105	27.61
518.354	29.4
518.602	-18.95
518.85	31.19
519.098	140.43
519.346	136.85
519.594	-49.4
519.842	13.28
520.09	-26.12
520.338	-47.61
520.586	22.24
520.834	-17.16
521.082	68.8
521.33	95.66
521.578	20.45
521.826	15.07
522.074	-33.28
522.322	63.43
522.57	-8.21
522.817	11.49
523.065	43.73
523.313	13.28
523.561	-10
523.809	4.33
524.056	-11.79
524.304	-31.49
524.552	-52.98
524.8	59.84
525.047	2.54
525.295	131.48
525.543	-83.42
525.79	138.64
526.038	34.77
526.285	20.45
526.533	127.9
526.781	31.19
527.028	38.35
527.276	126.11
527.523	7.91
527.771	108.2
528.018	27.61
528.266	34.77
528.513	-15.37
528.76	0.75
529.008	-113.87
529.255	-31.49
529.502	-45.82
529.75	0.75
529.997	43.73
530.244	15.07
530.492	6.12
530.739	41.94
530.986	29.4
531.234	65.22
531.481	-45.82
531.728	-2.84
531.975	-95.96
532.222	-2.84
532.469	18.65
532.717	152.97
532.964	95.66
533.211	217.44
533.458	238.93
533.705	185.21
533.952	271.17
534.199	156.55
534.446	357.13
534.693	246.1
534.94	290.87
535.187	108.2
535.434	75.96
535.681	204.91
535.928	63.43
536.174	92.08
536.421	-49.4
536.668	-1.04
536.915	-76.26
537.162	90.29
537.409	-81.63
537.655	65.22
537.902	43.73
538.149	56.26
538.396	-65.52
538.642	185.21
538.889	43.73
539.136	68.8
539.382	176.25
539.629	118.94
539.875	237.14
540.122	405.48
540.369	382.2
540.615	414.44
540.862	428.76
541.108	301.61
541.355	271.17
541.601	138.64
541.848	204.91
542.094	86.71
542.341	-17.16
542.587	111.78
542.833	-33.28
543.08	16.86
543.326	47.31
543.572	88.5
543.819	56.26
544.065	156.55
544.311	13.28
544.558	16.86
544.804	59.84
545.05	75.96
545.296	-67.31
545.542	86.71
545.789	-29.7
546.035	99.24
546.281	-18.95
546.527	2.54
546.773	7.91
547.019	-2.84
547.265	-38.65
547.511	13.28
547.757	41.94
548.003	50.89
548.249	-11.79
548.495	77.75
548.741	50.89
548.987	58.05
549.233	-24.33
549.479	-97.75
549.725	61.64
549.971	25.82
550.217	68.8
550.463	109.99
550.708	84.92
550.954	-33.28
551.2	-18.95
551.446	-33.28
551.691	81.34
551.937	83.13
552.183	63.43
552.429	34.77
552.674	-29.7
552.92	113.57
553.165	45.52
553.411	-38.65
553.657	54.47
553.902	-56.56
554.148	29.4
554.393	-61.93
554.639	74.17
554.884	-40.44
555.13	-38.65
555.375	86.71
555.621	-1.04
555.866	-22.54
556.112	45.52
556.357	-44.03
556.602	65.22
556.848	47.31
557.093	-70.89
557.338	99.24
557.584	-81.63
557.829	47.31
558.074	-33.28
558.32	36.56
558.565	-52.98
558.81	-61.93
559.055	-18.95
559.3	9.7
559.546	40.15
559.791	-65.52
560.036	124.32
560.281	-18.95
560.526	-8.21
560.771	38.35
561.016	32.98
561.261	-83.42
561.506	-18.95
561.751	-27.91
561.996	-15.37
562.241	-8.21
562.486	127.9
562.731	20.45
562.976	-92.38
563.221	-10
563.466	-67.31
563.71	11.49
563.955	-56.56
564.2	-13.58
564.445	45.52
564.69	13.28
564.934	-1.04
565.179	-31.49
565.424	165.51
565.669	92.08
565.913	0.75
566.158	79.54
566.403	92.08
566.647	54.47
566.892	58.05
567.136	11.49
567.381	11.49
567.626	-17.16
567.87	49.1
568.115	65.22
568.359	106.41
568.604	74.17
568.848	95.66
569.093	47.31
569.337	161.92
569.581	126.11
569.826	84.92
570.07	56.26
570.315	27.61
570.559	41.94
570.803	6.12
571.048	36.56
571.292	-45.82
571.536	36.56
571.78	86.71
572.025	183.41
572.269	65.22
572.513	2.54
572.757	-20.74
573.001	-2.84
573.245	9.7
573.49	111.78
573.734	24.03
573.978	140.43
574.222	38.35
574.466	95.66
574.71	106.41
574.954	106.41
575.198	124.32
575.442	138.64
575.686	195.95
575.93	258.63
576.174	337.43
576.418	464.58
576.661	518.31
576.905	450.25
577.149	595.31
577.393	387.57
577.637	315.94
577.881	360.71
578.124	183.41
578.368	176.25
578.612	165.51
578.856	104.62
579.099	185.21
579.343	199.53
579.587	120.73
579.83	101.03
580.074	138.64
580.318	90.29
580.561	165.51
580.805	233.56
581.048	233.56
581.292	124.32
581.535	210.28
581.779	169.09
582.022	238.93
582.266	306.98
582.509	385.78
582.753	267.59
582.996	486.07
583.239	324.89
583.483	434.14
583.726	491.44
583.969	1005.42
584.213	2357.53
584.456	3999.75
584.699	6123.72
584.943	9436.83
585.186	12699.79
585.429	15792.61
585.672	19043.04
585.915	19514.04
586.159	18280.13
586.402	16419.42
586.645	13254.96
586.888	10178.25
587.131	8374.84
587.374	7679.99
587.617	7647.75
587.86	8512.74
588.103	9585.47
588.346	10810.42
588.589	12031.79
588.832	11818.68
589.075	11105.91
589.318	9678.59
589.561	7848.33
589.804	6224.01
590.047	4553.13
590.29	3383.69
590.532	2805.24
590.775	2538.41
591.018	2006.52
591.261	1653.72
591.504	1248.98
591.746	919.46
591.989	790.52
592.232	480.7
592.474	616.8
592.717	632.92
592.96	575.61
593.202	962.44
593.445	2364.69
593.688	3800.97
593.93	5672.42
594.173	8251.27
594.415	11478.42
594.658	14660.79
594.9	17302.32
595.143	17533.34
595.385	17189.49
595.628	15615.32
595.87	13283.61
596.112	10185.41
596.355	7574.32
596.597	6335.04
596.84	5645.56
597.082	5145.91
597.324	5262.31
597.567	5468.26
597.809	5597.21
598.051	5824.65
598.293	5683.17
598.536	5174.56
598.778	4472.54
599.02	3702.47
599.262	2919.86
599.504	2076.36
599.746	1696.7
599.988	1492.54
600.231	1186.3
600.473	872.9
600.715	666.95
600.957	477.12
601.199	435.93
601.441	418.02
601.683	455.63
601.925	910.51
602.167	1223.91
602.409	1526.57
602.65	2663.77
602.892	3426.68
603.134	4492.24
603.376	5427.07
603.618	5659.89
603.86	5380.51
604.101	5203.22
604.343	4553.13
604.585	3695.31
604.827	2704.96
605.068	2135.46
605.31	1668.04
605.552	1456.72
605.794	1139.74
606.035	1227.49
606.277	1691.32
606.518	3310.27
606.76	4257.64
607.002	6197.15
607.243	9418.92
607.485	11809.73
607.726	14503.19
607.968	16474.93
608.209	16874.3
608.451	16763.26
608.692	17395.44
608.933	16600.3
609.175	16698.79
609.416	18444.89
609.658	21043.44
609.899	24046.72
610.14	25737.3
610.382	25656.71
610.623	22959.67
610.864	20880.47
611.105	17336.34
611.347	13299.73
611.588	9988.41
611.829	7701.48
612.07	6161.33
612.311	5280.22
612.553	4268.38
612.794	3652.32
613.035	4151.98
613.276	6347.58
613.517	8897.78
613.758	11981.65
613.999	17504.68
614.24	24440.71
614.481	29335.15
614.722	34417.64
614.963	36905.15
615.204	36238.95
615.445	34736.41
615.686	32243.52
615.927	27413.55
616.167	23611.54
616.408	21072.09
616.649	19711.03
616.89	19345.7
617.131	17522.59
617.372	15233.86
617.612	13018.56
617.853	10328.68
618.094	7950.41
618.334	6000.15
618.575	4590.74
618.816	3573.53
619.056	2901.95
619.297	2203.51
619.538	1718.19
619.778	1415.53
620.019	996.47
620.259	881.85
620.5	1145.11
620.74	1773.7
620.981	2506.17
621.221	3446.37
621.462	5000.85
621.702	6816.79
621.943	8670.34
622.183	9796.79
622.423	10577.61
622.664	9857.68
622.904	9540.7
623.144	8444.69
623.385	6850.81
623.625	5479.01
623.865	3919.16
624.105	3217.14
624.346	2339.62
624.586	1958.16
624.826	1526.57
625.066	1293.75
625.306	1150.48
625.546	2219.63
625.787	3534.13
626.027	5011.59
626.267	7004.83
626.507	10443.29
626.747	13500.3
626.987	16077.36
627.227	18684.87
627.467	18586.37
627.707	17558.41
627.947	16184.81
628.187	14114.57
628.427	11277.84
628.666	8713.32
628.906	6469.36
629.146	5135.16
629.386	4458.22
629.626	4178.84
629.866	3849.32
630.105	4270.17
630.345	5230.08
630.585	6352.95
630.825	7248.39
631.064	8036.37
631.304	8031
631.544	7644.17
631.783	7303.9
632.023	6755.9
632.262	6458.61
632.502	7826.84
632.742	8818.98
632.981	10747.74
633.221	14227.4
633.46	19204.22
633.7	23162.03
633.939	26369.48
634.179	27388.48
634.418	26287.1
634.657	24936.78
634.897	22567.47
635.136	18858.58
635.376	14573.03
635.615	10962.65
635.854	8328.28
636.094	6460.4
636.333	5314.25
636.572	3903.05
636.811	3086.41
637.051	3047.01
637.29	4635.51
637.529	6279.53
637.768	8317.53
638.007	11705.86
638.246	16496.43
638.486	20792.72
638.725	25508.07
638.964	29170.39
639.203	33568.76
639.442	36387.59
639.681	39877.99
639.92	43103.34
640.159	49185.13
640.398	54407.3
640.637	58406.3
640.876	59801.39
641.114	59278.46
641.353	57319.25
641.592	54167.32
641.831	47374.56
642.07	37924.15
642.309	28729.84
642.548	21704.27
642.786	16478.52
643.025	12918.27
643.264	9427.87
643.502	6650.24
643.741	4725.05
643.98	3337.13
644.219	2391.55
644.457	1737.89
644.696	1320.62
644.934	1274.05
645.173	1003.63
645.412	871.11
645.65	679.48
645.889	589.94
646.127	616.8
646.366	717.09
646.604	686.65
646.842	469.95
647.081	453.84
647.319	383.99
647.558	387.57
647.796	355.34
648.034	396.53
648.273	550.54
648.511	471.74
648.749	380.41
648.988	536.22
649.226	722.47
649.464	1866.83
649.702	4241.52
649.941	6301.02
650.179	8833.3
650.417	12927.23
650.655	18301.62
650.893	23382.31
651.131	27438.62
651.369	29668.25
651.607	29383.51
651.845	27612.34
652.083	26423.2
652.321	23326.79
652.559	19995.78
652.797	16573.43
653.035	14834.5
653.273	14705.56
653.511	14612.43
653.749	14415.44
653.987	14673.32
654.225	13346.29
654.463	12192.97
654.701	11079.05
654.938	9612.33
655.176	7588.65
655.414	5799.57
655.652	4502.99
655.889	3304.9
656.127	2550.94
656.365	1968.91
656.602	1291.96
656.84	1324.2
657.078	765.45
657.315	666.95
657.553	527.26
657.79	407.27
658.028	480.7
658.266	505.77
658.503	505.77
658.741	1091.38
658.978	2060.24
659.215	2855.39
659.453	4060.64
659.69	5926.73
659.928	8365.89
660.165	10077.96
660.402	11693.32
660.64	12988.12
660.877	12531.45
661.114	11892.11
661.352	11508.86
661.589	9981.25
661.826	7859.07
662.063	6087.9
662.301	4742.96
662.538	3591.44
662.775	2875.09
663.012	2070.99
663.249	1275.84
663.486	896.18
663.723	776.19
663.961	640.09
664.198	380.41
664.435	502.19
664.672	298.03
664.909	342.8
665.146	289.08
665.383	380.41
665.619	358.92
665.856	371.46
666.093	398.32
666.33	475.33
666.567	871.11
666.804	2407.67
667.041	4177.05
667.278	5726.15
667.514	7911.01
667.751	11600.19
667.988	15577.71
668.225	18969.61
668.461	20984.34
668.698	21715.01
668.935	20798.09
669.171	20303.81
669.408	18360.72
669.644	16213.47
669.881	12549.35
670.118	9798.58
670.354	7423.89
670.591	6422.8
670.827	6238.34
671.064	6179.24
671.3	6365.49
671.537	7946.82
671.773	10074.38
672.01	12289.68
672.246	14179.04
672.482	15185.51
672.719	14558.71
672.955	13727.74
673.191	13036.47
673.428	11922.55
673.664	9334.75
673.9	7542.09
674.136	5453.94
674.373	4291.66
674.609	2975.38
674.845	2207.09
675.081	1608.95
675.317	1059.15
675.553	724.26
675.79	611.43
676.026	538.01
676.262	400.11
676.498	208.49
676.734	219.23
676.97	185.21
677.206	265.79
677.442	201.32
677.678	233.56
677.914	113.57
678.15	136.85
678.386	79.54
678.621	36.56
678.857	138.64
679.093	43.73
679.329	72.38
679.565	50.89
679.8	61.64
680.036	52.68
680.272	133.27
680.508	32.98
680.743	7.91
680.979	120.73
681.215	-1.04
681.45	-8.21
681.686	67.01
681.922	61.64
682.157	-13.58
682.393	50.89
682.628	68.8
682.864	95.66
683.099	41.94
683.335	86.71
683.57	-24.33
683.806	27.61
684.041	67.01
684.277	79.54
684.512	58.05
684.747	210.28
684.983	118.94
685.218	131.48
685.453	18.65
685.689	29.4
685.924	52.68
686.159	174.46
686.394	9.7
686.63	77.75
686.865	68.8
687.1	45.52
687.335	41.94
687.57	81.34
687.806	7.91
688.041	74.17
688.276	49.1
688.511	133.27
688.746	99.24
688.981	108.2
689.216	81.34
689.451	83.13
689.686	113.57
689.921	172.67
690.156	75.96
690.391	145.81
690.625	170.88
690.86	255.05
691.095	258.63
691.33	299.82
691.565	332.06
691.8	1071.68
692.034	2384.39
692.269	3568.15
692.504	5115.46
692.739	6761.27
692.973	9429.66
693.208	12432.95
693.443	14847.04
693.677	16938.77
693.912	17762.57
694.146	16675.51
694.381	15966.33
694.616	15010.01
694.85	13265.7
695.085	10776.4
695.319	8159.94
695.554	6229.38
695.788	4433.14
696.023	3295.94
696.257	2366.48
696.491	1598.2
696.726	1123.62
696.96	785.15
697.194	502.19
697.429	511.14
697.663	333.85
697.897	387.57
698.132	281.91
698.366	312.36
698.6	332.06
698.834	185.21
699.068	215.65
699.303	174.46
699.537	160.13
699.771	285.49
700.005	122.53
700.239	326.68
700.473	217.44
700.707	281.91
700.941	341.01
701.175	208.49
701.409	536.22
701.643	894.39
701.877	1152.27
702.111	2957.47
702.345	6111.19
702.579	9152.08
702.813	12314.75
703.047	16598.5
703.281	22708.94
703.514	29327.99
703.748	35311.28
703.982	38737.21
704.216	40449.28
704.449	38389.78
704.683	37383.31
704.917	35723.18
705.15	31027.52
705.384	26102.64
705.618	20019.06
705.851	15303.71
706.085	11104.12
706.319	7903.84
706.552	5649.14
706.786	3827.83
707.019	2792.71
707.253	1956.37
707.486	1331.36
707.72	1163.02
707.953	815.59
708.187	717.09
708.42	598.9
708.653	373.25
708.887	360.71
709.12	276.54
709.353	247.89
709.587	145.81
709.82	272.96
710.053	131.48
710.286	67.01
710.52	181.62
710.753	31.19
710.986	122.53
711.219	156.55
711.452	99.24
711.686	6.12
711.919	81.34
712.152	169.09
712.385	104.62
712.618	-60.14
712.851	47.31
713.084	77.75
713.317	-36.86
713.55	142.22
713.783	142.22
714.016	124.32
714.249	165.51
714.482	90.29
714.714	165.51
714.947	61.64
715.18	142.22
715.413	-49.4
715.646	117.15
715.878	79.54
716.111	224.6
716.344	362.5
716.577	699.18
716.809	858.57
717.042	1250.77
717.275	1678.79
717.507	2101.43
717.74	2842.85
717.973	3410.56
718.205	3634.42
718.438	3670.23
718.67	3369.37
718.903	3510.85
719.135	3421.3
719.368	3086.41
719.6	2653.02
719.833	2079.94
720.065	1558.8
720.297	1041.24
720.53	731.42
720.762	514.73
720.995	414.44
721.227	253.26
721.459	178.04
721.691	204.91
721.924	255.05
722.156	201.32
722.388	135.06
722.62	233.56
722.853	167.3
723.085	260.42
723.317	709.93
723.549	1608.95
723.781	2731.82
724.013	3698.89
724.245	4977.57
724.477	6573.23
724.709	9193.27
724.941	11811.52
725.173	13211.97
725.405	14642.88
725.637	14085.92
725.869	14265
726.101	14338.43
726.333	13699.09
726.565	11834.8
726.797	9880.96
727.028	7678.19
727.26	5615.12
727.492	3863.65
727.724	2644.07
727.956	1793.4
728.187	1114.67
728.419	785.15
728.651	600.69
728.882	394.74
729.114	396.53
729.346	117.15
729.577	242.51
729.809	115.36
730.04	36.56
730.272	127.9
730.503	16.86
730.735	68.8
730.966	86.71
731.198	97.45
731.429	122.53
731.661	59.84
731.892	113.57
732.124	61.64
732.355	20.45
732.586	36.56
732.818	41.94
733.049	111.78
733.28	-1.04
733.512	54.47
733.743	47.31
733.974	61.64
734.205	49.1
734.436	-45.82
734.668	20.45
734.899	-47.61
735.13	-18.95
735.361	122.53
735.592	-18.95
735.823	-31.49
736.054	142.22
736.285	13.28
736.516	-17.16
736.747	88.5
736.978	138.64
737.209	18.65
737.44	40.15
737.671	13.28
737.902	9.7
738.133	-26.12
738.364	-1.04
738.594	-90.59
738.825	65.22
739.056	31.19
739.287	74.17
739.518	29.4
739.748	-54.77
739.979	47.31
740.21	84.92
740.44	99.24
740.671	22.24
740.902	-15.37
741.132	70.59
741.363	-31.49
741.593	108.2
741.824	11.49
742.055	104.62
742.285	-42.23
742.516	20.45
742.746	75.96
742.976	529.05
743.207	743.96
743.437	1082.43
743.668	1275.84
743.898	1786.24
744.128	2475.72
744.359	3009.4
744.589	3396.23
744.819	4069.6
745.05	3960.35
745.28	4024.83
745.51	3757.99
745.74	3829.62
745.971	3424.88
746.201	3202.82
746.431	2225
746.661	1789.82
746.891	1170.18
747.121	767.24
747.351	566.66
747.581	332.06
747.811	280.12
748.041	292.66
748.271	258.63
748.501	276.54
748.731	443.09
748.961	441.3
749.191	534.42
749.421	752.91
749.651	769.03
749.881	699.18
750.111	729.63
750.34	736.79
750.57	541.59
750.8	632.92
751.03	471.74
751.259	548.75
751.489	330.27
751.719	306.98
751.949	74.17
752.178	133.27
752.408	27.61
752.637	115.36
752.867	215.65
753.097	163.72
753.326	224.6
753.556	305.19
753.785	366.08
754.015	563.08
754.244	659.79
754.474	693.81
754.703	801.26
754.932	896.18
755.162	858.57
755.391	871.11
755.621	717.09
755.85	606.06
756.079	745.75
756.309	552.33
756.538	410.85
756.767	258.63
756.996	242.51
757.225	83.13
757.455	22.24
757.684	195.95
757.913	32.98
758.142	0.75
758.371	74.17
758.6	54.47
758.829	-44.03
759.058	41.94
759.287	-31.49
759.516	27.61
759.745	-11.79
759.974	36.56
760.203	-85.22
760.432	81.34
760.661	-6.42
760.89	9.7
761.119	104.62
761.348	22.24
761.577	56.26
761.805	-70.89
762.034	20.45
762.263	-108.5
762.492	-13.58
762.721	-2.84
762.949	-78.05
763.178	-13.58
763.407	-56.56
763.635	29.4
763.864	-87.01
764.092	18.65
764.321	-99.54
764.55	-42.23
764.778	47.31
765.007	32.98
765.235	6.12
765.464	0.75
765.692	-156.85
765.921	-69.1
766.149	-58.35
766.377	136.85
766.606	-31.49
766.834	-2.84
767.062	6.12
767.291	72.38
767.519	79.54
767.747	-119.24
767.976	-15.37
768.204	-56.56
768.432	-74.47
768.66	-13.58
768.889	13.28
769.117	4.33
769.345	-70.89
769.573	-122.82
769.801	15.07
770.029	-38.65
770.257	56.26
770.485	97.45
770.713	4.33
770.941	-2.84
771.169	-8.21
771.397	-13.58
771.625	-87.01
771.853	-47.61
772.081	-87.01
772.309	-45.82
772.537	-60.14
772.765	61.64
772.992	-58.35
773.22	22.24
773.448	56.26
773.676	-8.21
773.903	-65.52
774.131	-27.91
774.359	7.91
774.586	-92.38
774.814	25.82
775.042	4.33
775.269	29.4
775.497	-124.61
775.725	-70.89
775.952	-40.44
776.18	-61.93
776.407	32.98
776.635	-90.59
776.862	40.15
777.09	-1.04
777.317	59.84
777.544	-22.54
777.772	117.15
777.999	74.17
778.227	-17.16
778.454	16.86
778.681	72.38
778.908	149.39
779.136	13.28
779.363	113.57
779.59	120.73
779.817	47.31
780.045	32.98
780.272	-42.23
780.499	72.38
780.726	-17.16
780.953	52.68
781.18	-44.03
781.407	-38.65
781.634	7.91
781.861	-51.19
782.088	-4.63
782.315	-78.05
782.542	-83.42
782.769	18.65
782.996	29.4
783.223	-4.63
783.45	50.89
783.677	74.17
783.904	81.34
784.13	-17.16
784.357	-44.03
784.584	-6.42
784.811	-83.42
785.038	31.19
785.264	27.61
785.491	-60.14
785.718	-128.2
785.944	-90.59
786.171	63.43
786.398	50.89
786.624	-119.24
786.851	43.73
787.077	-8.21
787.304	-78.05
787.53	-52.98
787.757	6.12
787.983	50.89
788.21	15.07
788.436	90.29
788.663	-69.1
788.889	-78.05
789.115	-88.8
789.342	-2.84
789.568	-40.44
789.794	-87.01
790.021	61.64
790.247	-22.54
790.473	-87.01
790.699	-61.93
790.926	-17.16
791.152	-54.77
791.378	-6.42
791.604	0.75
791.83	-15.37
792.056	-108.5
792.282	-33.28
792.508	-117.45
792.735	129.69
792.961	-27.91
793.187	-67.31
793.413	-47.61
793.638	-26.12
793.864	-20.74
794.09	-42.23
794.316	-22.54
794.542	95.66
794.768	-11.79
794.994	-20.74
795.22	-74.47
795.445	129.69
795.671	13.28
795.897	38.35
796.123	-24.33
796.348	2.54
796.574	90.29
796.8	-10
797.025	6.12
797.251	24.03
797.477	-40.44
797.702	-51.19
797.928	67.01
798.153	79.54
798.379	-97.75
798.604	59.84
798.83	-31.49
799.055	-69.1
799.281	47.31
799.506	-69.1
799.732	38.35
799.957	-72.68
800.182	-22.54
800.408	-11.79
800.633	20.45
800.858	20.45
801.084	-74.47
801.309	-24.33
801.534	-22.54
801.759	-6.42
801.985	-2.84
802.21	-36.86
802.435	120.73
802.66	-20.74
802.885	-42.23
803.11	-18.95
803.335	-60.14
803.561	-49.4
803.786	-52.98
804.011	22.24
804.236	-22.54
804.461	63.43
804.685	-85.22
804.91	9.7
805.135	-74.47
805.36	-6.42
805.585	-63.73
805.81	65.22
806.035	6.12
806.26	31.19
806.484	-56.56
806.709	83.13
806.934	-63.73
807.159	-6.42
807.383	-36.86
807.608	-38.65
807.833	-87.01
808.057	83.13
808.282	83.13
808.507	65.22
808.731	84.92
808.956	68.8
809.18	113.57
809.405	95.66
809.629	-27.91
809.854	25.82
810.078	-76.26
810.303	72.38
810.527	16.86
810.751	-17.16
810.976	-22.54
811.2	38.35
811.425	-70.89
811.649	52.68
811.873	-76.26
812.097	15.07
812.322	16.86
812.546	83.13
812.77	41.94
812.994	31.19
813.219	29.4
813.443	-1.04
813.667	2.54
813.891	-13.58
814.115	-1.04
814.339	40.15
814.563	75.96
814.787	38.35
815.011	86.71
815.235	101.03
815.459	106.41
815.683	49.1
815.907	135.06
816.131	29.4
816.355	61.64
816.579	61.64
816.802	-20.74
817.026	7.91
817.25	-13.58
817.474	6.12
817.698	27.61
817.921	-92.38
818.145	-117.45
818.369	15.07
818.592	79.54
818.816	22.24
819.04	-42.23
819.263	34.77
819.487	-67.31
819.71	-153.27
819.934	-67.31
820.158	61.64
820.381	-10
820.605	-44.03
820.828	-72.68
821.051	-36.86
821.275	-47.61
821.498	81.34
821.722	-63.73
821.945	-60.14
822.168	-24.33
822.392	-8.21
822.615	41.94
822.838	-121.03
823.061	-11.79
823.285	-115.66
823.508	58.05
823.731	-60.14
823.954	-92.38
824.177	34.77
824.401	-2.84
824.624	-45.82
824.847	-18.95
825.07	-27.91
825.293	-178.34
825.516	59.84
825.739	-112.08
825.962	-26.12
826.185	111.78
826.408	-38.65
826.631	6.12
826.854	56.26
827.077	-58.35
827.299	49.1
827.522	-26.12
827.745	-2.84
827.968	-24.33
828.191	129.69
828.413	0.75
828.636	-79.84
828.859	-36.86
829.082	13.28
829.304	-42.23
829.527	140.43
829.75	111.78
829.972	61.64
830.195	68.8
830.417	65.22
830.64	24.03
830.862	95.66
831.085	213.86
831.307	49.1
831.53	68.8
831.752	31.19
831.975	81.34
832.197	144.02
832.42	147.6
832.642	95.66
832.864	95.66
833.087	45.52
833.309	11.49
833.531	109.99
833.753	-44.03
833.976	-1.04
834.198	27.61
834.42	59.84
834.642	-76.26
834.864	-31.49
835.086	-142.52
835.309	68.8
835.531	-1.04
835.753	-79.84
835.975	92.08
836.197	47.31
836.419	56.26
836.641	-2.84
836.863	18.65
837.085	154.76
837.307	299.82
837.529	251.47
837.75	382.2
837.972	392.95
838.194	500.4
838.416	538.01
838.638	462.79
838.859	711.72
839.081	491.44
839.303	570.24
839.525	441.3
839.746	511.14
839.968	418.02
840.19	514.73
840.411	518.31
840.633	443.09
840.855	346.38
841.076	339.22
841.298	144.02
841.519	188.79
841.741	215.65
841.962	74.17
842.184	67.01
842.405	68.8
842.626	99.24
842.848	86.71
843.069	99.24
843.291	74.17
843.512	102.83
843.733	83.13
843.955	83.13
844.176	58.05
844.397	63.43
844.618	113.57
844.839	77.75
845.061	59.84
845.282	43.73
845.503	-31.49
845.724	40.15
845.945	-13.58
846.166	20.45
846.387	79.54
846.608	95.66
846.829	-26.12
847.05	86.71
847.271	47.31
847.492	68.8
847.713	67.01
847.934	-11.79
848.155	47.31
848.376	38.35
848.597	102.83
848.818	127.9
849.038	24.03
849.259	102.83
849.48	167.3
849.701	149.39
849.921	161.92
850.142	256.84
850.363	210.28
850.584	199.53
850.804	208.49
851.025	188.79
851.245	255.05
851.466	117.15
851.687	176.25
851.907	194.16
852.128	221.02
852.348	213.86
852.569	224.6
852.789	142.22
853.009	237.14
853.23	144.02
853.45	7.91
853.671	67.01
853.891	-35.07
854.111	22.24
854.332	-17.16
854.552	-131.78
854.772	-65.52
854.992	-131.78
855.213	-67.31
855.433	-104.91
855.653	-58.35
855.873	-63.73
856.093	-11.79
856.313	-11.79
856.533	84.92
856.753	-31.49
856.974	-31.49
857.194	59.84
857.414	2.54
857.634	-6.42
857.854	56.26
858.073	-76.26
858.293	-108.5
858.513	-18.95
858.733	22.24
858.953	-20.74
859.173	77.75
859.393	-38.65
859.612	27.61
859.832	-63.73
860.052	58.05
860.272	104.62
860.491	81.34
860.711	-81.63
860.931	22.24
861.15	54.47
861.37	-29.7
861.59	77.75
861.809	92.08
862.029	133.27
862.248	6.12
862.468	161.92
862.687	54.47
862.907	72.38
863.126	170.88
863.346	83.13
863.565	-4.63
863.785	99.24
864.004	-67.31
864.223	75.96
864.443	34.77
864.662	56.26
864.881	140.43
865.1	81.34
865.32	81.34
865.539	161.92
865.758	255.05
865.977	213.86
866.196	174.46
866.416	221.02
866.635	217.44
866.854	38.35
867.073	194.16
867.292	102.83
867.511	272.96
867.73	120.73
867.949	210.28
868.168	187
868.387	138.64
868.606	165.51
868.825	129.69
869.044	99.24
869.262	108.2
869.481	-4.63
869.7	29.4
869.919	40.15
870.138	104.62
870.356	7.91
870.575	13.28
870.794	83.13
871.013	-29.7
871.231	-69.1
871.45	32.98
871.668	-6.42
871.887	70.59
872.106	-70.89
872.324	174.46
872.543	-15.37
872.761	-6.42
872.98	-85.22
873.198	-2.84
873.417	-69.1
873.635	7.91
873.854	32.98
874.072	-49.4
874.29	52.68
874.509	-115.66
874.727	-81.63
874.945	-1.04
875.164	-178.34
875.382	-33.28
875.6	0.75
875.818	-36.86
876.037	40.15
876.255	-56.56
876.473	63.43
876.691	18.65
876.909	-2.84
877.127	-18.95
877.345	158.34
877.563	58.05
877.781	109.99
877.999	88.5
878.217	81.34
878.435	115.36
878.653	93.87
878.871	167.3
879.089	59.84
879.307	289.08
879.525	90.29
879.743	147.6
879.96	127.9
880.178	41.94
880.396	120.73
880.614	142.22
880.832	127.9
881.049	272.96
881.267	65.22
881.485	208.49
881.702	83.13
881.92	75.96
882.137	133.27
882.355	18.65
882.573	-20.74
882.79	-126.41
883.008	-33.28
883.225	45.52
883.443	-140.73
883.66	-70.89
883.877	-47.61
884.095	16.86
884.312	-51.19
884.53	-58.35
884.747	47.31
884.964	-90.59
885.182	81.34
885.399	-56.56
885.616	-56.56
885.833	6.12
886.051	56.26
886.268	-15.37
886.485	-31.49
886.702	68.8
886.919	54.47
887.136	36.56
887.353	-52.98
887.57	13.28
887.788	-15.37
888.005	95.66
888.222	-113.87
888.439	31.19
888.655	43.73
888.872	-27.91
889.089	27.61
889.306	111.78
889.523	34.77
889.74	40.15
889.957	-52.98
890.174	75.96
890.39	-4.63
890.607	-10
890.824	-15.37
891.041	-22.54
891.257	9.7
891.474	-47.61
891.691	-133.57
891.907	-38.65
892.124	-128.2
892.34	-18.95
892.557	27.61
892.774	-29.7
892.99	120.73
893.207	4.33
893.423	-33.28
893.64	-35.07
893.856	-60.14
894.072	47.31
894.289	-22.54
894.505	16.86
894.722	-171.18
894.938	-76.26
895.154	-65.52
895.37	-27.91
895.587	-18.95
895.803	-74.47
896.019	-65.52
896.235	4.33
896.452	-124.61
896.668	-44.03
896.884	-40.44
897.1	15.07
897.316	-69.1
897.532	20.45
897.748	-31.49
897.964	52.68
898.18	-24.33
898.396	-79.84
898.612	-35.07
898.828	20.45
899.044	-51.19
899.26	-101.33
899.476	-10
899.692	-45.82
899.908	-95.96
900.123	-70.89
900.339	-6.42
900.555	-11.79
900.771	-72.68
900.986	-44.03
901.202	-27.91
901.418	72.38
901.633	-22.54
901.849	18.65
902.065	32.98
902.28	25.82
902.496	4.33
902.711	-13.58
902.927	59.84
903.143	-11.79
903.358	-11.79
903.573	-18.95
903.789	-35.07
904.004	27.61
904.22	-69.1
904.435	-104.91
904.651	31.19
904.866	-81.63
905.081	-181.92
905.296	-101.33
905.512	41.94
905.727	-36.86
905.942	-97.75
906.157	-51.19
906.373	50.89
906.588	11.49
906.803	-74.47
907.018	45.52
907.233	36.56
907.448	-74.47
907.663	-87.01
907.878	-65.52
908.093	-54.77
908.308	-128.2
908.523	-155.06
908.738	-17.16
908.953	-6.42
909.168	24.03
909.383	-67.31
909.598	-94.17
909.813	-51.19
910.027	-117.45
910.242	-40.44
910.457	9.7
910.672	-88.8
910.887	-6.42
911.101	-72.68
911.316	-87.01
911.531	-33.28
911.745	-140.73
911.96	-74.47
912.174	-35.07
912.389	-24.33
912.604	-87.01
912.818	-65.52
913.033	6.12
913.247	-74.47
913.462	27.61
913.676	-92.38
913.89	-106.71
914.105	-121.03
914.319	6.12
914.534	-117.45
914.748	-13.58
914.962	-38.65
915.177	32.98
915.391	-113.87
915.605	-76.26
915.819	-88.8
916.034	45.52
916.248	38.35
916.462	25.82
916.676	-47.61
916.89	-83.42
917.104	-15.37
917.318	-47.61
917.532	-8.21
917.746	67.01
917.96	-169.39
918.174	-70.89
918.388	-137.15
918.602	-74.47
918.816	-144.31
919.03	-44.03
919.244	40.15
919.458	-13.58
919.672	-33.28
919.886	-20.74
920.099	29.4
920.313	-8.21
920.527	-92.38
920.741	-54.77
920.954	-49.4
921.168	-27.91
921.382	79.54
921.595	0.75
921.809	-140.73
922.023	15.07
922.236	-124.61
922.45	-10
922.663	108.2
922.877	-15.37
923.09	-31.49
923.304	-137.15
923.517	-51.19
923.731	-27.91
923.944	-128.2
924.157	-8.21
924.371	-67.31
924.584	4.33
924.797	-149.69
925.011	-67.31
925.224	-13.58
925.437	-40.44
925.65	13.28
925.864	-27.91
926.077	-76.26
926.29	-27.91
926.503	-69.1
926.716	15.07
926.929	-52.98
927.142	-101.33
927.355	-13.58
927.568	16.86
927.781	-13.58
927.994	-94.17
928.207	-42.23
928.42	18.65
928.633	-94.17
928.846	-99.54
929.059	-24.33
929.272	-38.65
929.485	-44.03
929.697	-35.07
929.91	-38.65
930.123	-119.24
930.336	-90.59
930.549	15.07
930.761	-85.22
930.974	-51.19
931.187	2.54
931.399	-69.1
931.612	-81.63
931.824	-52.98
932.037	-49.4
932.249	70.59
932.462	-87.01
932.675	27.61
932.887	-26.12
933.099	-110.29
933.312	-42.23
933.524	-42.23
933.737	-113.87
933.949	-18.95
934.161	-129.99
934.374	25.82
934.586	58.05
934.798	25.82
935.011	-61.93
935.223	-38.65
935.435	-83.42
935.647	-95.96
935.859	-61.93
936.072	-90.59
936.284	67.01
936.496	-36.86
936.708	-40.44
936.92	-47.61
937.132	-97.75
937.344	-51.19
937.556	-10
937.768	16.86
937.98	-8.21
938.192	-18.95
938.404	-45.82
938.616	-90.59
938.828	49.1
939.039	40.15
939.251	-90.59
939.463	9.7
939.675	-22.54
939.887	-2.84
940.098	-44.03
940.31	-36.86
940.522	-65.52
940.733	-20.74
940.945	-15.37
941.157	-38.65
941.368	15.07
941.58	-6.42
941.791	-103.12
942.003	-81.63
942.214	-44.03
942.426	-106.71
942.637	22.24
942.849	27.61
943.06	-29.7
943.272	-24.33
943.483	25.82
943.694	-42.23
943.906	-113.87
944.117	-17.16
944.328	2.54
944.54	-58.35
944.751	47.31
944.962	-70.89
945.173	9.7
945.384	-87.01
945.596	-106.71
945.807	-83.42
946.018	15.07
946.229	-108.5
946.44	-106.71
946.651	-67.31
946.862	-1.04
947.073	61.64
947.284	-103.12
947.495	-49.4
947.706	-8.21
947.917	54.47
948.128	45.52
948.339	-65.52
948.549	-45.82
948.76	7.91
948.971	-76.26
949.182	-101.33
949.393	-99.54
949.603	-155.06
949.814	-45.82
950.025	-61.93
950.235	-42.23
950.446	-106.71
950.657	13.28
950.867	-115.66
951.078	-140.73
951.288	-88.8
951.499	-56.56
951.709	83.13
951.92	-92.38
952.13	6.12
952.341	-26.12
952.551	-56.56
952.762	-26.12
952.972	-13.58
953.182	-49.4
953.393	-18.95
953.603	-31.49
953.813	-61.93
954.024	-42.23
954.234	-78.05
954.444	-47.61
954.654	-4.63
954.865	-133.57
955.075	-17.16
955.285	190.58
955.495	-44.03
955.705	-126.41
955.915	31.19
956.125	-8.21
956.335	56.26
956.545	-174.76
956.755	84.92
956.965	-36.86
957.175	65.22
957.385	-117.45
957.595	-61.93
957.805	58.05
958.015	43.73
958.224	-124.61
958.434	-33.28
958.644	-97.75
958.854	-38.65
959.064	79.54
959.273	52.68
959.483	-54.77
959.693	-51.19
959.902	-58.35
960.112	-67.31
960.322	56.26
960.531	-115.66
960.741	43.73
960.95	-2.84
961.16	-65.52
961.369	0.75
961.579	0.75
961.788	-67.31
961.998	-76.26
962.207	54.47
962.416	-63.73
962.626	-88.8
962.835	-1.04
963.044	-47.61
963.254	-4.63
963.463	0.75
963.672	-76.26
963.881	-42.23
964.091	-65.52
964.3	-79.84
964.509	-67.31
964.718	-29.7
964.927	0.75
965.136	58.05
965.345	-88.8
965.554	-97.75
965.763	-92.38
965.972	50.89
966.181	-17.16
966.39	-33.28
966.599	-18.95
966.808	-17.16
967.017	-74.47
967.226	-51.19
967.435	-104.91
967.644	-11.79
967.852	70.59
968.061	27.61
968.27	-13.58
968.479	-133.57
968.687	41.94
968.896	61.64
969.105	-88.8
969.313	-70.89
969.522	-51.19
969.731	54.47
969.939	-126.41
970.148	-18.95
970.356	7.91
970.565	-45.82
970.773	-79.84
970.982	52.68
971.19	-112.08
971.399	0.75
971.607	20.45
971.815	-117.45
972.024	41.94
972.232	-108.5
972.44	-70.89
972.649	-38.65
972.857	-26.12
973.065	-45.82
973.273	-20.74
973.482	18.65
973.69	-115.66
973.898	-101.33
974.106	-18.95
974.314	-113.87
974.522	-40.44
974.73	25.82
974.938	-117.45
975.146	6.12
975.354	4.33
975.562	59.84
975.77	-180.13
975.978	-58.35
976.186	-52.98
976.394	-15.37
976.602	-65.52
976.81	-27.91
977.018	-17.16
977.225	-33.28
977.433	54.47
977.641	-2.84
977.849	-117.45
978.056	-65.52
978.264	-69.1
978.472	-108.5
978.679	49.1
978.887	-115.66
979.094	-24.33
979.302	-29.7
979.51	-74.47
979.717	-131.78
979.925	-106.71
980.132	13.28
980.339	15.07
980.547	-90.59
980.754	-15.37
980.962	22.24
981.169	-78.05
981.376	47.31
981.584	-18.95
981.791	40.15
981.998	-160.43
982.206	-42.23
982.413	77.75
982.62	-18.95
982.827	-137.15
983.034	24.03
983.242	-221.32
983.449	-67.31
983.656	-61.93
983.863	72.38
984.07	-147.9
984.277	-49.4
984.484	-87.01
984.691	-11.79
984.898	-110.29
985.105	-90.59
985.312	-206.99
985.519	-63.73
985.725	-47.61
985.932	-40.44
986.139	-54.77
986.346	32.98
986.553	-27.91
986.759	-133.57
986.966	16.86
987.173	70.59
987.38	-79.84
987.586	-45.82
987.793	-90.59
988	-126.41
988.206	-164.01
988.413	-6.42
988.619	-51.19
988.826	-26.12
989.032	6.12
989.239	86.71
989.445	-60.14
989.652	-24.33
989.858	-162.22
990.064	-10
990.271	7.91
990.477	-126.41
990.684	-40.44
990.89	27.61
991.096	-11.79
991.302	0.75
991.509	-144.31
991.715	41.94
991.921	-146.1
992.127	-108.5
992.333	-95.96
992.539	-117.45
992.746	-2.84
992.952	-61.93
993.158	-52.98
993.364	-33.28
993.57	-151.48
993.776	-122.82
993.982	-87.01
994.188	-47.61
994.394	-155.06
994.599	-99.54
994.805	-110.29
995.011	-56.56
995.217	-129.99
995.423	-29.7
995.629	-56.56
995.834	38.35
996.04	-135.36
996.246	-74.47
996.452	-2.84
996.657	-78.05
996.863	-90.59
997.068	0.75
997.274	2.54
997.48	-22.54
997.685	-6.42
997.891	27.61
998.096	-67.31
998.302	-33.28
998.507	4.33
998.713	11.49
998.918	-45.82
999.123	-15.37
999.329	-137.15
999.534	-69.1
999.74	-180.13
999.945	-112.08
1000.15	-49.4
1000.355	-52.98
1000.561	84.92
1000.766	-67.31
1000.971	-36.86
1001.176	-20.74
1001.381	-15.37
1001.586	-24.33
1001.792	-47.61
1001.997	-45.82
1002.202	-27.91
1002.407	-95.96
1002.612	-61.93
1002.817	-47.61
1003.022	-47.61
1003.227	-27.91
1003.432	6.12
1003.637	-33.28
1003.841	-54.77
1004.046	-87.01
1004.251	-49.4
1004.456	-67.31
1004.661	-47.61
1004.865	-90.59
1005.07	47.31
1005.275	32.98
1005.48	-198.04
1005.684	-72.68
1005.889	-26.12
1006.094	-69.1
1006.298	-83.42
1006.503	-104.91
1006.707	-10
1006.912	-44.03
1007.116	-108.5
1007.321	-11.79
1007.525	-8.21
1007.73	-47.61
1007.934	-60.14
1008.139	-27.91
1008.343	-18.95
1008.547	-99.54
1008.752	-104.91
1008.956	63.43
1009.16	-38.65
1009.364	-61.93
1009.569	36.56
1009.773	-51.19
1009.977	-56.56
1010.181	-47.61
1010.385	-79.84
1010.589	-70.89
1010.794	-81.63
1010.998	-113.87
1011.202	6.12
1011.406	-2.84
1011.61	-10
1011.814	-165.8
1012.018	-149.69
1012.222	-60.14
1012.426	-29.7
1012.629	27.61
1012.833	-13.58
1013.037	-74.47
1013.241	-83.42
1013.445	-74.47
1013.649	-60.14
1013.852	7.91
1014.056	-29.7
1014.26	-47.61
1014.463	-69.1
1014.667	-4.63
1014.871	-106.71
1015.074	-164.01
1015.278	-65.52
1015.482	-44.03
1015.685	-8.21
1015.889	-42.23
1016.092	-138.94
1016.296	-142.52
1016.499	-17.16
1016.703	-56.56
1016.906	-128.2
1017.109	-44.03
1017.313	-88.8
1017.516	-40.44
1017.719	-103.12
1017.923	-60.14
1018.126	-85.22
1018.329	-76.26
1018.532	-11.79
1018.736	-65.52
1018.939	-11.79
1019.142	18.65
1019.345	-61.93
1019.548	-119.24
1019.751	-88.8
1019.954	-58.35
1020.157	-122.82
1020.361	-94.17
1020.564	-76.26
1020.766	-29.7
1020.969	40.15
1021.172	-17.16
1021.375	-70.89
1021.578	-169.39
1021.781	-2.84
1021.984	-76.26
1022.187	-4.63
1022.389	-49.4
1022.592	-176.55
1022.795	-15.37
1022.998	-144.31
1023.2	6.12
1023.403	-106.71
1023.606	-36.86
1023.808	-67.31
1024.011	-6.42
1024.214	-85.22
1024.416	54.47
1024.619	-74.47
1024.821	-61.93
1025.024	97.45
1025.226	-35.07
1025.429	-112.08
1025.631	-122.82
1025.833	77.75
1026.036	-8.21
1026.238	-27.91
1026.441	-147.9
1026.643	7.91
1026.845	-81.63
1027.047	-6.42
1027.25	-88.8
1027.452	-1.04
1027.654	61.64
1027.856	-129.99
1028.058	-78.05
1028.261	-112.08
1028.463	-63.73
1028.665	-58.35
1028.867	-63.73
1029.069	11.49
1029.271	-76.26
1029.473	0.75
1029.675	-52.98
1029.877	-128.2
1030.079	-76.26
1030.281	-101.33
1030.482	-24.33
1030.684	-58.35
1030.886	40.15
1031.088	-87.01
1031.29	4.33
1031.491	-33.28
1031.693	-52.98
1031.895	45.52
1032.097	-45.82
1032.298	-40.44
1032.5	6.12
1032.701	-87.01
1032.903	-144.31
1033.105	-22.54
1033.306	-4.63
1033.508	-38.65
1033.709	-31.49
1033.911	-63.73
1034.112	-56.56
1034.314	-83.42
1034.515	45.52
1034.716	-112.08
1034.918	47.31
1035.119	-110.29
1035.32	-61.93
1035.522	-69.1
1035.723	-11.79
1035.924	-44.03
1036.125	-83.42
1036.327	-8.21
1036.528	-15.37
1036.729	-87.01
1036.93	-31.49
1037.131	-33.28
1037.332	-81.63
1037.533	-78.05
1037.734	-88.8
1037.935	-104.91
1038.136	-76.26
1038.337	-90.59
1038.538	-31.49
1038.739	-44.03
1038.94	59.84
1039.141	-119.24
1039.342	-87.01
1039.543	-79.84
1039.744	15.07
1039.944	-79.84
1040.145	-44.03
1040.346	-52.98
1040.547	-20.74
1040.747	-88.8
1040.948	36.56
1041.149	-45.82
1041.349	-54.77
1041.55	-146.1
1041.75	24.03
1041.951	-67.31
1042.152	-65.52
1042.352	-79.84
1042.553	-119.24
1042.753	-65.52
1042.953	-15.37
1043.154	-88.8
1043.354	-56.56
1043.555	-22.54
1043.755	-70.89
1043.955	-45.82
1044.156	-47.61
1044.356	-85.22
1044.556	-13.58
1044.756	-67.31
1044.957	-79.84
1045.157	-97.75
1045.357	-124.61
1045.557	-88.8
1045.757	-29.7
1045.957	-10
1046.157	-151.48
1046.357	-65.52
1046.557	2.54
1046.757	-52.98
1046.957	-15.37
1047.157	-6.42
1047.357	-149.69
1047.557	-65.52
1047.757	-94.17
1047.957	-85.22
1048.157	-38.65
1048.356	-10
1048.556	-24.33
1048.756	-70.89
1048.956	18.65
1049.156	-29.7
1049.355	-51.19
1049.555	-69.1
1049.755	-27.91
1049.954	-90.59
1050.154	-38.65
1050.353	-35.07
1050.553	138.64
1050.752	-113.87
1050.952	41.94
1051.151	-33.28
1051.351	7.91
1051.55	-33.28
1051.75	40.15
1051.949	-113.87
1052.148	135.06
1052.348	-6.42
1052.547	-54.77
1052.746	-104.91
1052.946	11.49
1053.145	-110.29
1053.344	-27.91
1053.543	-69.1
1053.743	-44.03
1053.942	-65.52
1054.141	-15.37
1054.34	-124.61
1054.539	-87.01
1054.738	7.91
1054.937	-56.56
1055.136	-167.6
1055.335	-144.31
1055.534	-56.56
1055.733	-49.4
1055.932	-49.4
1056.131	-49.4
